Sample	Arc1	Arc2	Arc3	ENiClust	Subgroup
MB-0000	0.0555411093358518	0.896327625191126	0.0481312654730226	ic4ER+	ER+ Typical
MB-0002	0	0.637377665219374	0.362622334780626	ic4ER+	ER+ Typical
MB-0005	0.882262768778833	0	0.117737231221167	ic3/ic7	ER+ Typical
MB-0006	0	0.204437992037542	0.795562007962458	ic9	ER+ High
MB-0010	0.43026818766954	0.172606714298044	0.397125098032416	ic3/ic7	ER+ Typical
MB-0014	0	0.493829356799311	0.506170643200689	ic3/ic7	ER+ Typical
MB-0022	0	0.577365844463748	0.422634155536252	ic3/ic7	ER+ Typical
MB-0028	0.154593761463362	0.584180698220584	0.261225540316054	ic9	ER+ High
MB-0035	0	0.670777806100767	0.329222193899233	ic3/ic7	ER+ Typical
MB-0036	0	0.649141290515708	0.350858709484292	ic3/ic7	ER+ Typical
MB-0039	0.0284677424752289	0.865650036095862	0.105882221428909	ic4ER+	ER+ Typical
MB-0045	0	0.474004624544406	0.525995375455593	ic4ER-	IC4ER-
MB-0046	0.39239940311612	0.385951689916417	0.221648906967463	ic5	HER2+
MB-0048	0.124947608653353	0.572213691880315	0.302838699466332	ic5	HER2+
MB-0050	0	0.474004624544406	0.525995375455593	ic8	ER+ Typical
MB-0053	0.0267610457923892	0.597973593635958	0.375265360571652	ic4ER+	ER+ Typical
MB-0054	0.240663030746568	0.405375744349994	0.353961224903438	ic4ER+	ER+ Typical
MB-0056	0	0.572702715867086	0.427297284132914	ic4ER+	ER+ Typical
MB-0060	0.382503828598488	0	0.617496171401512	ic3/ic7	ER+ Typical
MB-0062	0.388380374014547	0.31179323152182	0.299826394463633	ic10	IC10
MB-0064	0	0.715229764966512	0.284770235033488	ic4ER+	ER+ Typical
MB-0066	0	0.610887993464602	0.389112006535398	ic4ER+	ER+ Typical
MB-0068	0.0240335360579355	0.872065631166075	0.103900832775989	ic4ER+	ER+ Typical
MB-0079	0.315826363372463	0.319503851390492	0.364669785237045	ic10	IC10
MB-0081	0	0.779998471551183	0.220001528448817	ic3/ic7	ER+ Typical
MB-0083	0.580730206448454	0.293653955870452	0.125615837681094	ic3/ic7	ER+ Typical
MB-0093	0	0.704461125009346	0.295538874990654	ic8	ER+ Typical
MB-0095	0	0.68577357160954	0.31422642839046	ic3/ic7	ER+ Typical
MB-0097	0.144726540068078	0.556930695194913	0.298342764737009	ic8	ER+ Typical
MB-0100	0.329769462755749	0.359229993622565	0.311000543621686	ic4ER-	IC4ER-
MB-0101	0.24422253321508	0.667715737609554	0.0880617291753664	ic8	ER+ Typical
MB-0102	0.0405084247080338	0.892426255265624	0.0670653200263418	ic4ER+	ER+ Typical
MB-0106	0	0.474004624544406	0.525995375455593	ic3/ic7	ER+ Typical
MB-0107	0.682769170178883	0	0.317230829821116	ic1	ER+ High
MB-0108	0	0.553410017222156	0.446589982777844	ic4ER+	ER+ Typical
MB-0109	0.304002056133415	0.325321530737552	0.370676413129034	ic9	ER+ High
MB-0111	0.0124140615887383	0.652388865579273	0.335197072831988	ic8	ER+ Typical
MB-0112	0.41919532349961	0.528612439485612	0.052192237014778	ic3/ic7	ER+ Typical
MB-0113	0	0.683931188051008	0.316068811948992	ic5	HER2+
MB-0114	0.0533652305684999	0.918804037492909	0.027830731938591	ic8	ER+ Typical
MB-0115	0.646613093047584	0.127086978383401	0.226299928569015	ic10	IC10
MB-0116	0.0258421088772346	0.933880906620954	0.0402769845018112	ic4ER+	ER+ Typical
MB-0117	0	0.651429398525716	0.348570601474284	ic1	ER+ High
MB-0119	0	0.308199575385748	0.691800424614252	ic4ER+	ER+ Typical
MB-0120	0.626929348660657	0	0.373070651339343	ic3/ic7	ER+ Typical
MB-0121	0.06705280957196	0.6088595700626	0.32408762036544	ic3/ic7	ER+ Typical
MB-0122	0.0859594817287127	0.829517316943798	0.0845232013274892	ic8	ER+ Typical
MB-0123	0.335168058120127	0.275333751559345	0.389498190320528	ic1	ER+ High
MB-0124	0.0282786594701986	0.801300914594562	0.17042042593524	ic8	ER+ Typical
MB-0125	0.000993098391454648	0.999006901608545	0	ic8	ER+ Typical
MB-0126	0.260851507379473	0.420574924213667	0.318573568406859	ic8	ER+ Typical
MB-0128	0.0895174659435477	0.813544864444947	0.0969376696115049	ic3/ic7	ER+ Typical
MB-0129	0.491687438836624	0	0.508312561163376	ic5	HER2+
MB-0130	0.0228067433413164	0.00917164937387644	0.968021607284807	ic5	HER2+
MB-0131	0.0445940978046013	0.927706876482049	0.02769902571335	ic8	ER+ Typical
MB-0133	0.10101091059437	0.840381415965817	0.0586076734398125	ic3/ic7	ER+ Typical
MB-0134	0	0.585036851646702	0.414963148353298	ic8	ER+ Typical
MB-0135	0.255466365577101	0.744533634422899	0	ic2	ER+ High
MB-0136	0	0.474004624544406	0.525995375455593	ic4ER+	ER+ Typical
MB-0138	0	0.700446872324689	0.299553127675311	ic3/ic7	ER+ Typical
MB-0139	0.0446625398059637	0.929836421407288	0.0255010387867483	ic4ER+	ER+ Typical
MB-0140	0	0.684960395568239	0.315039604431761	ic3/ic7	ER+ Typical
MB-0142	0.177981096216397	0.487300549570044	0.334718354213559	ic4ER+	ER+ Typical
MB-0143	0	0.590112242966179	0.409887757033821	ic8	ER+ Typical
MB-0144	0.145940568812374	0.782322442640827	0.0717369885467983	ic3/ic7	ER+ Typical
MB-0145	0	0.474004624544406	0.525995375455593	ic3/ic7	ER+ Typical
MB-0146	0	0.544105923659065	0.455894076340935	ic8	ER+ Typical
MB-0147	0	0.669934608765435	0.330065391234565	ic2	ER+ High
MB-0148	0.119477321189885	0.844895160500576	0.0356275183095387	ic5	HER2+
MB-0149	0.512809032140616	0	0.487190967859384	ic10	IC10
MB-0150	0	0.723881062005007	0.276118937994993	ic3/ic7	ER+ Typical
MB-0151	0.144726540068078	0.556930695194913	0.298342764737009	ic2	ER+ High
MB-0152	0.567179883352624	0	0.432820116647376	ic5	HER2+
MB-0154	0.101915839926243	0.579287412997639	0.318796747076119	ic4ER+	ER+ Typical
MB-0155	0.043324778154018	0.925692099311633	0.0309831225343488	ic4ER+	ER+ Typical
MB-0157	0.315546098414472	0.505521229447081	0.178932672138447	ic10	IC10
MB-0162	0.0640160036049005	0.877444564468853	0.0585394319262467	ic3/ic7	ER+ Typical
MB-0163	0.822908765634725	0.106714478349706	0.0703767560155688	ic10	IC10
MB-0164	0.445853555616624	0	0.554146444383376	ic6	ER+ High
MB-0165	0.110882421977278	0.71613100217752	0.172986575845203	ic5	HER2+
MB-0166	0	0.278831792726527	0.721168207273473	ic4ER+	ER+ Typical
MB-0167	0	0.214212552565266	0.785787447434734	ic9	ER+ High
MB-0168	0	0.474004624544406	0.525995375455593	ic3/ic7	ER+ Typical
MB-0170	0	0.670777806100767	0.329222193899233	ic3/ic7	ER+ Typical
MB-0171	0.133615996129131	0.753261350680367	0.113122653190502	ic3/ic7	ER+ Typical
MB-0172	0	0.553282889090966	0.446717110909034	ic3/ic7	ER+ Typical
MB-0173	0	0.121648412682509	0.878351587317491	ic4ER+	ER+ Typical
MB-0174	0.61068339070963	0.38931660929037	0	ic10	IC10
MB-0175	0.109693839335437	0.0933833126211393	0.796922848043424	ic1	ER+ High
MB-0176	0	0.694246562382264	0.305753437617736	ic4ER+	ER+ Typical
MB-0177	0.0891748981347878	0.829404856782964	0.0814202450822477	ic6	ER+ High
MB-0178	0.46960526341983	0.292261072436622	0.238133664143548	ic3/ic7	ER+ Typical
MB-0179	0	0.961952917820227	0.0380470821797728	ic4ER-	IC4ER-
MB-0180	0.125424533590452	0.522522259225328	0.352053207184221	ic3/ic7	ER+ Typical
MB-0181	0.104761896185186	0.61972518230209	0.275512921512724	ic3/ic7	ER+ Typical
MB-0184	0.0558461340759098	0.896234645933961	0.0479192199901291	ic4ER+	ER+ Typical
MB-0188	0	0.474004624544406	0.525995375455593	ic3/ic7	ER+ Typical
MB-0189	0	0.474004624544406	0.525995375455593	ic6	ER+ High
MB-0191	0.91890805946127	0.0810919405387304	0	ic10	IC10
MB-0192	0.0305088385801112	0.560423436444252	0.409067724975637	ic3/ic7	ER+ Typical
MB-0193	0	0.68821485818773	0.31178514181227	ic3/ic7	ER+ Typical
MB-0194	0	0.474004624544406	0.525995375455593	ic3/ic7	ER+ Typical
MB-0195	0.661052884651624	0.190319228451655	0.14862788689672	ic6	ER+ High
MB-0197	0	0.647303467616401	0.352696532383599	ic9	ER+ High
MB-0198	0.196178367629655	0.708392076285845	0.0954295560844995	ic3/ic7	ER+ Typical
MB-0199	0.00626525109390849	0.594205075522975	0.399529673383117	ic3/ic7	ER+ Typical
MB-0200	0.308134862228333	0	0.691865137771667	ic10	IC10
MB-0201	0.309598875522269	0.332247719345979	0.358153405131752	ic5	HER2+
MB-0202	0	0.582752430153784	0.417247569846216	ic4ER+	ER+ Typical
MB-0203	0.448799652791856	0.42500414106375	0.126196206144393	ic3/ic7	ER+ Typical
MB-0204	0.198001938600893	0.469311922949492	0.332686138449614	ic3/ic7	ER+ Typical
MB-0205	0	0.75429692202779	0.24570307797221	ic3/ic7	ER+ Typical
MB-0206	0.63825454144658	0	0.36174545855342	ic10	IC10
MB-0207	0	0.526716717964625	0.473283282035375	ic8	ER+ Typical
MB-0209	0.0449691805346255	0.928633971988127	0.0263968474772477	ic4ER+	ER+ Typical
MB-0211	0.00195204953504866	0.72260124227239	0.275446708192561	ic9	ER+ High
MB-0214	0.289638589528207	0.623052180191502	0.0873092302802911	ic10	IC10
MB-0215	0.0097176321165664	0.729704583832024	0.260577784051409	ic3/ic7	ER+ Typical
MB-0218	0.150793065079645	0.589924639185296	0.25928229573506	ic3/ic7	ER+ Typical
MB-0220	0	0.793235997096291	0.206764002903709	ic4ER+	ER+ Typical
MB-0221	0.0478236682132906	0.674087873943837	0.278088457842872	ic4ER-	IC4ER-
MB-0222	0	0.769803047384048	0.230196952615952	ic3/ic7	ER+ Typical
MB-0223	0.0699538131920345	0.202944795840746	0.72710139096722	ic4ER+	ER+ Typical
MB-0224	0.059137854482535	0.928838015011561	0.0120241305059037	ic4ER+	ER+ Typical
MB-0225	0.0324220898619691	0.0166707709882044	0.950907139149827	ic5	HER2+
MB-0226	0.144726540068078	0.556930695194913	0.298342764737009	ic8	ER+ Typical
MB-0227	0.144726540068078	0.556930695194913	0.298342764737009	ic8	ER+ Typical
MB-0228	0.0525773043712363	0.885810601628423	0.0616120940003408	ic4ER+	ER+ Typical
MB-0229	0	0.751997811359508	0.248002188640492	ic3/ic7	ER+ Typical
MB-0230	0.00688082195748748	0.00701543952305297	0.98610373851946	ic5	HER2+
MB-0231	0.532224769315465	0.252440518952586	0.215334711731949	ic3/ic7	ER+ Typical
MB-0232	0.142322421816188	0.857677578183812	0	ic8	ER+ Typical
MB-0233	0.14274221243443	0.563410553977774	0.293847233587796	ic3/ic7	ER+ Typical
MB-0234	0	0.537259039223964	0.462740960776036	ic8	ER+ Typical
MB-0235	0.0979569337640094	0.798481549836874	0.103561516399117	ic8	ER+ Typical
MB-0236	0.144726540068078	0.556930695194913	0.298342764737009	ic5	HER2+
MB-0238	0.508790505616032	0.460374923863351	0.0308345705206162	ic4ER-	IC4ER-
MB-0239	0	0.474004624544406	0.525995375455593	ic3/ic7	ER+ Typical
MB-0241	0.474912194029306	0	0.525087805970695	ic3/ic7	ER+ Typical
MB-0242	0	0.542625157251279	0.457374842748721	ic8	ER+ Typical
MB-0243	0.0177947212913807	0.904464713044883	0.077740565663736	ic8	ER+ Typical
MB-0244	0.142904779736547	0.857095220263454	0	ic4ER+	ER+ Typical
MB-0245	0.0505428530835827	0.925400195223767	0.0240569516926507	ic3/ic7	ER+ Typical
MB-0247	0.391453016765974	0.00374580651390254	0.604801176720123	ic6	ER+ High
MB-0248	0.0639462632859505	0.884461996595326	0.0515917401187231	ic8	ER+ Typical
MB-0249	0.59853664811105	0.40146335188895	0	ic10	IC10
MB-0253	0	0.685449203276697	0.314550796723303	ic4ER+	ER+ Typical
MB-0256	0	0.474004624544406	0.525995375455593	ic8	ER+ Typical
MB-0257	0.722560574439912	0.277439425560089	0	ic8	ER+ Typical
MB-0258	0	0.688644578371022	0.311355421628978	ic3/ic7	ER+ Typical
MB-0259	0.269488894640491	0.36865352328149	0.361857582078019	ic9	ER+ High
MB-0260	0	0.73424813608984	0.26575186391016	ic3/ic7	ER+ Typical
MB-0261	0.0677343188843663	0.931697668778171	0.000568012337462804	ic8	ER+ Typical
MB-0262	0	0.474004624544406	0.525995375455593	ic9	ER+ High
MB-0263	0.0152011578301979	0.636795844479378	0.348002997690424	ic3/ic7	ER+ Typical
MB-0264	0.0355153801779163	0.777078543549211	0.187406076272873	ic9	ER+ High
MB-0265	0.144726540068078	0.556930695194913	0.298342764737009	ic4ER+	ER+ Typical
MB-0266	0.441669974646218	0.111157684541861	0.447172340811921	ic8	ER+ Typical
MB-0268	0.419717692238893	0	0.580282307761107	ic9	ER+ High
MB-0269	0.0182982535583808	0.902018167659576	0.0796835787820433	ic4ER-	IC4ER-
MB-0270	0.217182826311182	0.6650010245325	0.117816149156318	ic3/ic7	ER+ Typical
MB-0272	0.144726540068078	0.556930695194913	0.298342764737009	ic3/ic7	ER+ Typical
MB-0273	0.151368486229507	0.795628380108135	0.0530031336623587	ic8	ER+ Typical
MB-0275	0.351659320843106	0.565357083202407	0.0829835959544873	ic4ER+	ER+ Typical
MB-0278	0.15870246868377	0.0751372800955253	0.766160251220705	ic10	IC10
MB-0279	0.0322533235011635	0.967746676498836	0	ic4ER+	ER+ Typical
MB-0280	0	0.609506767280309	0.390493232719691	ic4ER+	ER+ Typical
MB-0282	0.0204580241323333	0.979541975867667	0	ic4ER+	ER+ Typical
MB-0284	0.417832118228399	0.457212277977391	0.12495560379421	ic10	IC10
MB-0285	0.0555411093358518	0.896327625191126	0.0481312654730226	ic4ER+	ER+ Typical
MB-0286	0.0433912636639584	0.926296984528132	0.0303117518079095	ic4ER+	ER+ Typical
MB-0287	0.144726540068078	0.556930695194913	0.298342764737009	ic3/ic7	ER+ Typical
MB-0288	0	0.474004624544406	0.525995375455593	ic5	HER2+
MB-0289	0.0405084247080338	0.892426255265624	0.0670653200263418	ic4ER+	ER+ Typical
MB-0290	0	0.591515101378915	0.408484898621085	ic8	ER+ Typical
MB-0291	0.434746138490828	0	0.565253861509172	ic5	HER2+
MB-0292	0.448375202411268	0.118703557471976	0.432921240116756	ic10	IC10
MB-0293	0.0473344216522568	0.923848258010628	0.0288173203371151	ic4ER+	ER+ Typical
MB-0294	0.0102731501296696	0.965319102257693	0.0244077476126378	ic4ER+	ER+ Typical
MB-0295	0.0108013537948479	0.662625192726654	0.326573453478499	ic4ER+	ER+ Typical
MB-0301	0.144726540068078	0.556930695194913	0.298342764737009	ic3/ic7	ER+ Typical
MB-0302	0	0.585684502114903	0.414315497885097	ic3/ic7	ER+ Typical
MB-0303	0.423845720273551	0.576154279726449	0	ic10	IC10
MB-0304	0.225344158682988	0.645416643627091	0.129239197689921	ic6	ER+ High
MB-0305	0.00943908647377493	0.594172162076326	0.3963887514499	ic8	ER+ Typical
MB-0306	0.434384423067856	0.12325998617706	0.442355590755084	ic3/ic7	ER+ Typical
MB-0307	0.112992519802247	0.558301823781157	0.328705656416597	ic5	HER2+
MB-0308	0.0995312965686483	0.827553326592928	0.0729153768384237	ic3/ic7	ER+ Typical
MB-0309	0.0414205878411059	0.843281278889453	0.115298133269441	ic8	ER+ Typical
MB-0310	0	0.773830942301401	0.226169057698599	ic8	ER+ Typical
MB-0311	0.134645694772381	0.487733706427061	0.377620598800557	ic3/ic7	ER+ Typical
MB-0312	0.395384983613699	0.140782596968814	0.463832419417487	ic3/ic7	ER+ Typical
MB-0313	0.190725766691182	0.651790918298664	0.157483315010155	ic4ER+	ER+ Typical
MB-0314	0.272506812289523	0.192237555048465	0.535255632662012	ic5	HER2+
MB-0315	0.388847965770506	0	0.611152034229494	ic6	ER+ High
MB-0316	0.144726540068078	0.556930695194913	0.298342764737009	ic10	IC10
MB-0317	0.104552104930815	0.72953406310078	0.165913831968405	ic3/ic7	ER+ Typical
MB-0318	0.0204580241323333	0.979541975867667	0	ic4ER-	IC4ER-
MB-0319	0	0.518121001824729	0.481878998175271	ic2	ER+ High
MB-0320	0.0164430830153562	0.864319955844017	0.119236961140627	ic3/ic7	ER+ Typical
MB-0321	0.381110906935152	0.119494389568702	0.499394703496146	ic8	ER+ Typical
MB-0322	0.70566139854764	0.29433860145236	0	ic3/ic7	ER+ Typical
MB-0324	0.262938224516163	0.414208863229229	0.322852912254608	ic6	ER+ High
MB-0325	0.483232153084165	0	0.516767846915835	ic4ER+	ER+ Typical
MB-0328	0.449036087293029	0.0672807285116928	0.483683184195278	ic3/ic7	ER+ Typical
MB-0336	0.567196568963222	0	0.432803431036778	ic3/ic7	ER+ Typical
MB-0339	0.144726540068078	0.556930695194913	0.298342764737009	ic3/ic7	ER+ Typical
MB-0340	0.62735306932432	0.00268215172530483	0.369964778950376	ic10	IC10
MB-0341	0.189650525364867	0.64591147434839	0.164438000286743	ic3/ic7	ER+ Typical
MB-0342	0	0.584171922351895	0.415828077648105	ic8	ER+ Typical
MB-0343	0.322242350961582	0.368749007846362	0.309008641192056	ic6	ER+ High
MB-0344	0.072006860664878	0.87424512421516	0.0537480151199615	ic3/ic7	ER+ Typical
MB-0345	0	0.7272117420668	0.2727882579332	ic4ER+	ER+ Typical
MB-0346	0.726766095417412	0.18786965511016	0.0853642494724274	ic5	HER2+
MB-0348	0.0448371106498689	0.929154735777873	0.0260081535722582	ic8	ER+ Typical
MB-0349	0.00781147217336508	0.812187431685187	0.180001096141448	ic4ER+	ER+ Typical
MB-0350	0.346778224808796	0.299580558358436	0.353641216832768	ic9	ER+ High
MB-0352	0.426708283185902	0.573291716814098	0	ic4ER+	ER+ Typical
MB-0353	0	0.683149685556397	0.316850314443603	ic4ER+	ER+ Typical
MB-0354	0	0.543980618903727	0.456019381096273	ic4ER-	IC4ER-
MB-0356	0	0.887641324618574	0.112358675381426	ic8	ER+ Typical
MB-0358	0.00890528040041162	0.736913300504236	0.254181419095353	ic4ER+	ER+ Typical
MB-0359	0	0.69393692357507	0.30606307642493	ic3/ic7	ER+ Typical
MB-0360	0.357382705968561	0.341731728490821	0.300885565540617	ic3/ic7	ER+ Typical
MB-0361	0.633846606838165	0	0.366153393161835	ic5	HER2+
MB-0362	0.144726540068078	0.556930695194913	0.298342764737009	ic2	ER+ High
MB-0363	0	0.791067345769846	0.208932654230154	ic3/ic7	ER+ Typical
MB-0364	0.144726540068078	0.556930695194913	0.298342764737009	ic3/ic7	ER+ Typical
MB-0365	0.0452838023584382	0.800884214595423	0.153831983046139	ic4ER+	ER+ Typical
MB-0366	0.320266029445394	0.364664403550814	0.315069567003792	ic3/ic7	ER+ Typical
MB-0367	0.309159673339258	0.672573902728588	0.0182664239321543	ic8	ER+ Typical
MB-0368	0.0151985806377278	0.591815638097032	0.39298578126524	ic2	ER+ High
MB-0369	0.224039576013309	0.453454572062628	0.322505851924063	ic3/ic7	ER+ Typical
MB-0370	0.328911768380149	0.671088231619851	0	ic9	ER+ High
MB-0371	0.486682705702607	0	0.513317294297393	ic5	HER2+
MB-0372	0.499098813354885	0.500901186645115	0	ic10	IC10
MB-0373	0.00602920672940895	0.00449473370103975	0.989476059569551	ic5	HER2+
MB-0374	0.0887044520106521	0.0296970439109682	0.88159850407838	ic1	ER+ High
MB-0375	0	0.636939484872532	0.363060515127468	ic3/ic7	ER+ Typical
MB-0377	0.0435468553681809	0.884184935031483	0.0722682096003357	ic3/ic7	ER+ Typical
MB-0378	0.159578448435704	0.0870981398363629	0.753323411727934	ic5	HER2+
MB-0379	0.0454391977409253	0.924318658021717	0.0302421442373579	ic3/ic7	ER+ Typical
MB-0380	0.162085744938187	0.545888115186001	0.292026139875812	ic9	ER+ High
MB-0381	0	0.716250332164119	0.283749667835881	ic5	HER2+
MB-0382	0.230678313956922	0.447201779059737	0.322119906983341	ic3/ic7	ER+ Typical
MB-0383	0.184518042305312	0.105799467931683	0.709682489763006	ic1	ER+ High
MB-0384	0	0.778157790849033	0.221842209150967	ic8	ER+ Typical
MB-0385	0	0.663878823618571	0.336121176381429	ic9	ER+ High
MB-0386	0.384714586831684	0.223545979689857	0.391739433478458	ic3/ic7	ER+ Typical
MB-0388	0.0464464908932709	0.111489444998627	0.842064064108102	ic5	HER2+
MB-0389	0.26810944063446	0.413614727498153	0.318275831867387	ic5	HER2+
MB-0391	0.0104510902385611	0.614523518789567	0.375025390971872	ic4ER-	IC4ER-
MB-0392	0.0272044268200564	0.671396727715753	0.30139884546419	ic3/ic7	ER+ Typical
MB-0393	0.00938297629179333	0.724914413964578	0.265702609743629	ic2	ER+ High
MB-0394	0.0548523843641493	0.931935877714905	0.0132117379209452	ic2	ER+ High
MB-0395	0.352412056072826	0.0206475883995491	0.626940355527625	ic5	HER2+
MB-0396	0.827704656169923	0.171570202106723	0.000725141723353543	ic10	IC10
MB-0397	0.0169669773567957	0.903716546266679	0.079316476376525	ic4ER+	ER+ Typical
MB-0398	0.080823748692019	0.650527627074496	0.268648624233485	ic6	ER+ High
MB-0399	0.227093940002004	0.622937208082165	0.149968851915831	ic3/ic7	ER+ Typical
MB-0400	0.304537556452361	0.623381785972659	0.0720806575749792	ic10	IC10
MB-0401	0.399749515337684	0.527222246153484	0.0730282385088315	ic9	ER+ High
MB-0402	0.0445940978046013	0.927706876482049	0.02769902571335	ic4ER+	ER+ Typical
MB-0404	0.302694339646332	0.38513518103315	0.312170479320517	ic3/ic7	ER+ Typical
MB-0406	0	0.732552628049185	0.267447371950815	ic2	ER+ High
MB-0410	0.0467393835705138	0.948970362740101	0.00429025368938482	ic3/ic7	ER+ Typical
MB-0411	0.0590211646586166	0.0162548548797445	0.924723980461639	ic6	ER+ High
MB-0412	0.62370451393748	0	0.37629548606252	ic6	ER+ High
MB-0413	0	0.755108853104586	0.244891146895414	ic2	ER+ High
MB-0414	0.753362203821854	0.218404943521585	0.0282328526565611	ic10	IC10
MB-0417	0.258076630178243	0.0812867526394149	0.660636617182342	ic3/ic7	ER+ Typical
MB-0418	0.353770204177982	0.297077010858605	0.349152784963413	ic3/ic7	ER+ Typical
MB-0419	0	0.734433332858777	0.265566667141223	ic3/ic7	ER+ Typical
MB-0420	0.355792269355955	0.562573610837508	0.081634119806537	ic10	IC10
MB-0421	0.330663606200125	0	0.669336393799875	ic5	HER2+
MB-0422	0.878097757352264	0	0.121902242647736	ic3/ic7	ER+ Typical
MB-0424	0.0558507121827613	0.896216768781086	0.0479325190361523	ic4ER-	IC4ER-
MB-0425	0.144698633361041	0.83339751046673	0.0219038561722294	ic8	ER+ Typical
MB-0426	0.0668347597651297	0.858182597531273	0.0749826427035976	ic8	ER+ Typical
MB-0427	0.0552306499339192	0.896567292018933	0.0482020580471482	ic3/ic7	ER+ Typical
MB-0428	0.528334633933629	0.104384080889916	0.367281285176455	ic2	ER+ High
MB-0429	0.452103247255774	0.0749797228978968	0.472917029846329	ic1	ER+ High
MB-0431	0.0964610002469126	0.495298928093425	0.408240071659663	ic3/ic7	ER+ Typical
MB-0434	0	0.308995287518704	0.691004712481296	ic5	HER2+
MB-0436	0.455899007110873	0	0.544100992889127	ic10	IC10
MB-0437	0.0563997957374352	0.885275352380012	0.058324851882553	ic4ER+	ER+ Typical
MB-0438	0	0.12639164857569	0.87360835142431	ic5	HER2+
MB-0439	0.123734428184112	0.664957099018655	0.211308472797233	ic3/ic7	ER+ Typical
MB-0440	0.0515836514872379	0	0.948416348512762	ic3/ic7	ER+ Typical
MB-0442	0.300140320188766	0.372137238714804	0.32772244109643	ic4ER+	ER+ Typical
MB-0443	0.0849471069170308	0.773523034979521	0.141529858103448	ic3/ic7	ER+ Typical
MB-0444	0.393163769293532	0.347312846496151	0.259523384210317	ic3/ic7	ER+ Typical
MB-0445	0.391592667235021	0.329246063145162	0.279161269619816	ic3/ic7	ER+ Typical
MB-0446	0.544893692033835	0	0.455106307966165	ic10	IC10
MB-0449	0	0.754138393801576	0.245861606198424	ic3/ic7	ER+ Typical
MB-0451	0.331318651995787	0.360039207882897	0.308642140121316	ic3/ic7	ER+ Typical
MB-0452	0.232911852131146	0.441281197789668	0.325806950079186	ic9	ER+ High
MB-0453	0.463974762209954	0.0634416701010583	0.472583567688987	ic10	IC10
MB-0454	0.0127565660379535	0.96380618885066	0.0234372451113867	ic4ER+	ER+ Typical
MB-0455	0.347436345931479	0.0635378873734498	0.589025766695071	ic3/ic7	ER+ Typical
MB-0458	0.0544454034384917	0.892297142404038	0.0532574541574708	ic4ER+	ER+ Typical
MB-0459	0.240510277172997	0.522817213309964	0.236672509517039	ic3/ic7	ER+ Typical
MB-0460	0.077792690596812	0.870643637100206	0.0515636723029815	ic6	ER+ High
MB-0462	0.237649970750418	0.437599981939116	0.324750047310466	ic4ER+	ER+ Typical
MB-0463	0.342762371804091	0.350609320727143	0.306628307468766	ic3/ic7	ER+ Typical
MB-0464	0.618541722190059	0.381458277809942	0	ic10	IC10
MB-0465	0	0.542076165656781	0.457923834343219	ic5	HER2+
MB-0466	0.305891588874349	0.0457268371707494	0.648381573954901	ic1	ER+ High
MB-0467	0.0447073028811202	0.0726672614373065	0.882625435681573	ic5	HER2+
MB-0468	0.411411359493385	0.0394007688849339	0.549187871621681	ic1	ER+ High
MB-0469	0	0.556252781744947	0.443747218255053	ic6	ER+ High
MB-0470	0.0436609823351348	0.951497320398949	0.00484169726591633	ic3/ic7	ER+ Typical
MB-0471	0.232158554212615	0.444454896328487	0.323386549458898	ic4ER+	ER+ Typical
MB-0472	0.0450807732632926	0.928594015090033	0.026325211646674	ic4ER+	ER+ Typical
MB-0474	0.0217663394278424	0.67242250394505	0.305811156627108	ic4ER+	ER+ Typical
MB-0475	0.0882974978758891	0	0.911702502124111	ic3/ic7	ER+ Typical
MB-0476	0.0448371106498689	0.929154735777873	0.0260081535722582	ic4ER-	IC4ER-
MB-0478	0.0204580241323333	0.979541975867667	0	ic4ER+	ER+ Typical
MB-0479	0.354915873880612	0	0.645084126119388	ic5	HER2+
MB-0480	0.803627445208624	0.163602103569079	0.0327704512222974	ic9	ER+ High
MB-0481	0.400523393818969	0.0364692563091477	0.563007349871884	ic10	IC10
MB-0482	0.00706406003991477	0.991201745444763	0.00173419451532185	ic4ER-	IC4ER-
MB-0483	0.39930771785882	0.587510271248468	0.013182010892712	ic1	ER+ High
MB-0484	0.0463646139746908	0.297357896470961	0.656277489554349	ic6	ER+ High
MB-0485	0.265760040552938	0.569311798602567	0.164928160844495	ic3/ic7	ER+ Typical
MB-0486	0.0287646902323093	0.949180228103843	0.0220550816638477	ic3/ic7	ER+ Typical
MB-0487	0.0561237506589201	0.885374193093384	0.0585020562476955	ic3/ic7	ER+ Typical
MB-0488	0.130922673070017	0.869077326929983	0	ic4ER+	ER+ Typical
MB-0489	0.0492019886697207	0.918301800822929	0.0324962105073499	ic4ER-	IC4ER-
MB-0490	0.0518396791448013	0.921234007201397	0.0269263136538014	ic4ER+	ER+ Typical
MB-0491	0	0.73024218075009	0.26975781924991	ic4ER+	ER+ Typical
MB-0492	0.00891962989021093	0.928085933570352	0.062994436539437	ic3/ic7	ER+ Typical
MB-0494	0.468166037257847	0	0.531833962742153	ic10	IC10
MB-0495	0.0473344216522568	0.923848258010628	0.0288173203371151	ic4ER+	ER+ Typical
MB-0496	0.62657379206993	0.224631361898816	0.148794846031254	ic3/ic7	ER+ Typical
MB-0497	0.202180345922699	0.421924077539916	0.375895576537386	ic4ER+	ER+ Typical
MB-0500	0.707151962085674	0.292848037914326	0	ic10	IC10
MB-0501	0.181355514534594	0.459526399364768	0.359118086100638	ic8	ER+ Typical
MB-0502	0.0661941427461986	0.884808913586989	0.0489969436668128	ic4ER+	ER+ Typical
MB-0503	0.339886611606286	0.352273307808793	0.307840080584921	ic3/ic7	ER+ Typical
MB-0504	0	0.683605584620055	0.316394415379945	ic3/ic7	ER+ Typical
MB-0505	0.0244548413367118	0.946170448445776	0.0293747102175118	ic4ER+	ER+ Typical
MB-0506	0.496034215623756	0	0.503965784376244	ic10	IC10
MB-0507	0.116235626316329	0.741469699191733	0.142294674491938	ic8	ER+ Typical
MB-0508	0	0.145374538935033	0.854625461064967	ic2	ER+ High
MB-0509	0	0.669194637696823	0.330805362303176	ic4ER+	ER+ Typical
MB-0510	0.572296551316684	0.427703448683316	0	ic9	ER+ High
MB-0511	0.0455690666214649	0.945097184143158	0.00933374923537678	ic8	ER+ Typical
MB-0512	0.0581563669970485	0.926617725639316	0.0152259073636359	ic8	ER+ Typical
MB-0513	0.154773032699406	0.824641031156545	0.0205859361440486	ic3/ic7	ER+ Typical
MB-0514	0.276640762642724	0.343412054998239	0.379947182359038	ic3/ic7	ER+ Typical
MB-0516	0.496432883946901	0.453345270151304	0.0502218459017958	ic4ER-	IC4ER-
MB-0517	0	0.734353612296995	0.265646387703005	ic9	ER+ High
MB-0519	0	0.567514402067784	0.432485597932216	ic9	ER+ High
MB-0521	0.0278296101002037	0.733455149700026	0.238715240199771	ic4ER+	ER+ Typical
MB-0522	0.470941274574714	0.191317089882167	0.337741635543119	ic5	HER2+
MB-0524	0.387016964911838	0.482637798849904	0.130345236238258	ic1	ER+ High
MB-0525	0.450299313236445	0	0.549700686763556	ic10	IC10
MB-0526	0.705845854560878	0.131820278265457	0.162333867173664	ic3/ic7	ER+ Typical
MB-0527	0.0541532016816978	0.89304031120585	0.0528064871124522	ic4ER+	ER+ Typical
MB-0528	0.413060017339537	0.0609464697729398	0.525993512887523	ic9	ER+ High
MB-0529	0.357275315166767	0.303468442812455	0.339256242020777	ic3/ic7	ER+ Typical
MB-0531	0.0448371106498689	0.929154735777873	0.0260081535722582	ic4ER-	IC4ER-
MB-0532	0	0.637028511212691	0.362971488787309	ic9	ER+ High
MB-0534	0.0435468553681809	0.884184935031483	0.0722682096003357	ic4ER+	ER+ Typical
MB-0535	0.0195851233786675	0.951624792989052	0.0287900836322803	ic3/ic7	ER+ Typical
MB-0536	0.452992951410893	0.536848431264758	0.0101586173243487	ic1	ER+ High
MB-0537	0.0632440909459989	0.932163234207237	0.0045926748467641	ic4ER+	ER+ Typical
MB-0538	0.638721196504038	0.0717615195922619	0.2895172839037	ic9	ER+ High
MB-0540	0.0456652963465648	0.924237701143631	0.0300970025098046	ic4ER+	ER+ Typical
MB-0541	0	0.52946484887521	0.47053515112479	ic9	ER+ High
MB-0542	0	0.555299284543479	0.444700715456521	ic1	ER+ High
MB-0544	0.0526699620432291	0.886311277400022	0.0610187605567484	ic3/ic7	ER+ Typical
MB-0545	0.416890126552574	0.529793177013128	0.0533166964342974	ic6	ER+ High
MB-0550	0.500718414633993	0.0857257327710746	0.413555852594933	ic8	ER+ Typical
MB-0551	0.0446625398059637	0.929836421407288	0.0255010387867483	ic4ER+	ER+ Typical
MB-0552	0	0.539380129556019	0.460619870443981	ic6	ER+ High
MB-0553	0.0310616475964938	0.731665068375132	0.237273284028374	ic5	HER2+
MB-0554	0.373259910850108	0.168020246883544	0.458719842266348	ic8	ER+ Typical
MB-0558	0.435107439941039	0.564892560058961	0	ic4ER-	IC4ER-
MB-0559	0.422632320115528	0	0.577367679884472	ic3/ic7	ER+ Typical
MB-0568	0.088149955623709	0.829545932161	0.082304112215291	ic3/ic7	ER+ Typical
MB-0569	0.354105143594698	0.645894856405302	0	ic4ER+	ER+ Typical
MB-0570	0.243684391962835	0.604414010994114	0.151901597043051	ic6	ER+ High
MB-0571	0.0151806277254449	0.964204272650235	0.0206150996243201	ic3/ic7	ER+ Typical
MB-0573	0.441146918165779	0.123278837402809	0.435574244431412	ic6	ER+ High
MB-0574	0.488265127441398	0	0.511734872558602	ic3/ic7	ER+ Typical
MB-0575	0.0750530705014334	0.61423210412466	0.310714825373907	ic3/ic7	ER+ Typical
MB-0576	0.0506509067377435	0.346419214345698	0.602929878916558	ic2	ER+ High
MB-0577	0.125065597645399	0.874934402354601	0	ic4ER+	ER+ Typical
MB-0578	0.0742563241056629	0.925743675894337	0	ic4ER+	ER+ Typical
MB-0579	0	0.699366580038176	0.300633419961824	ic3/ic7	ER+ Typical
MB-0580	0.144726540068078	0.556930695194913	0.298342764737009	ic6	ER+ High
MB-0581	0.488614025053767	0.122683798244008	0.388702176702225	ic4ER-	IC4ER-
MB-0582	0.368122272826254	0.55655012166094	0.0753276055128059	ic10	IC10
MB-0583	0.052626500022579	0.883765303372621	0.0636081966047998	ic3/ic7	ER+ Typical
MB-0584	0.439344581728917	0	0.560655418271083	ic3/ic7	ER+ Typical
MB-0585	0.672228796136195	0.227442712012829	0.100328491850976	ic6	ER+ High
MB-0586	0	0.531334674361091	0.468665325638909	ic6	ER+ High
MB-0587	0.0789425523634454	0.72571279227859	0.195344655357965	ic3/ic7	ER+ Typical
MB-0588	0.0405598142924583	0.839923178408548	0.119517007298994	ic4ER-	IC4ER-
MB-0589	0	0.653903295195121	0.346096704804879	ic8	ER+ Typical
MB-0590	0.268579315125795	0.0822973991078953	0.64912328576631	ic9	ER+ High
MB-0591	0.303219193791715	0.370543668979674	0.326237137228611	ic3/ic7	ER+ Typical
MB-0593	0.775296019074209	0.0454557601044287	0.179248220821362	ic5	HER2+
MB-0594	0.0787305473211272	0.812021176217832	0.109248276461041	ic4ER+	ER+ Typical
MB-0596	0.44660677561245	0.0618281234565248	0.491565100931026	ic3/ic7	ER+ Typical
MB-0597	0.0548104931644617	0.8980429121732	0.0471465946623383	ic4ER+	ER+ Typical
MB-0598	0.803377309083863	0.196622690916137	0	ic3/ic7	ER+ Typical
MB-0599	0.044371889036707	0.929159348667102	0.026468762296191	ic4ER+	ER+ Typical
MB-0600	0.0604461482434505	0.746363143552924	0.193190708203625	ic6	ER+ High
MB-0601	0.477891702826043	0	0.522108297173957	ic3/ic7	ER+ Typical
MB-0603	0	0.834476532620889	0.165523467379111	ic3/ic7	ER+ Typical
MB-0605	0	0.6852125900488	0.3147874099512	ic8	ER+ Typical
MB-0606	0.0446625398059637	0.929836421407288	0.0255010387867483	ic3/ic7	ER+ Typical
MB-0607	0.0138573519583788	0.617956250542977	0.368186397498644	ic3/ic7	ER+ Typical
MB-0608	0.510213614127072	0.489786385872928	0	ic10	IC10
MB-0609	0.588991768856801	0.411008231143199	0	ic3/ic7	ER+ Typical
MB-0610	0	0.744086766316929	0.255913233683071	ic9	ER+ High
MB-0611	0.185892456754076	0.474356857639925	0.339750685605999	ic3/ic7	ER+ Typical
MB-0613	0.679135487378401	0.200685128072681	0.120179384548919	ic4ER-	IC4ER-
MB-0614	0	0.391511613215511	0.608488386784489	ic3/ic7	ER+ Typical
MB-0615	0.405157873065892	0.0445680533684863	0.550274073565622	ic5	HER2+
MB-0616	0.373356882560148	0.383801461425365	0.242841656014487	ic3/ic7	ER+ Typical
MB-0617	0.0476428359598061	0.88797706246624	0.0643801015739538	ic4ER+	ER+ Typical
MB-0618	0	0.683987130480496	0.316012869519504	ic3/ic7	ER+ Typical
MB-0619	0.199982267459963	0.626934948893616	0.17308278364642	ic4ER+	ER+ Typical
MB-0620	0	0.958849170400547	0.0411508295994532	ic4ER+	ER+ Typical
MB-0621	0.0490990695051742	0.859438246649893	0.0914626838449333	ic3/ic7	ER+ Typical
MB-0623	0.0305103643392126	0.23405748992197	0.735432145738818	ic4ER+	ER+ Typical
MB-0624	0	0.802574347824637	0.197425652175363	ic3/ic7	ER+ Typical
MB-0626	0.38743204496594	0.345555294930996	0.267012660103064	ic3/ic7	ER+ Typical
MB-0627	0.0527125878530673	0.755093246425562	0.192194165721371	ic4ER-	IC4ER-
MB-0628	0.547303678129096	0.399166900238673	0.0535294216322315	ic3/ic7	ER+ Typical
MB-0630	0	0.0427859363724104	0.95721406362759	ic1	ER+ High
MB-0631	0.600131230040322	0.0125900217818889	0.387278748177789	ic8	ER+ Typical
MB-0632	0.131856937672994	0.812763119829642	0.0553799424973637	ic3/ic7	ER+ Typical
MB-0634	0.0465003295354408	0.888030537268445	0.0654691331961146	ic4ER+	ER+ Typical
MB-0636	0	0.530178224420382	0.469821775579618	ic6	ER+ High
MB-0637	0.741439414618851	0.0367072216208196	0.221853363760329	ic3/ic7	ER+ Typical
MB-0638	0.0723433847491426	0.869539859020404	0.0581167562304538	ic3/ic7	ER+ Typical
MB-0639	0.638776716297054	0	0.361223283702946	ic10	IC10
MB-0640	0.335996579257025	0.664003420742975	0	ic3/ic7	ER+ Typical
MB-0641	0.0442837926189825	0.929035766875493	0.0266804405055246	ic4ER+	ER+ Typical
MB-0642	0.0901366288635063	0.776799542736839	0.133063828399654	ic8	ER+ Typical
MB-0643	0.591515691811159	0.232659026819351	0.17582528136949	ic4ER+	ER+ Typical
MB-0644	0	0.72473211321808	0.27526788678192	ic3/ic7	ER+ Typical
MB-0646	0.134223723021746	0.85103837084838	0.0147379061298742	ic8	ER+ Typical
MB-0649	0.291138374241524	0.682115219745967	0.0267464060125093	ic3/ic7	ER+ Typical
MB-0650	0.432239751212797	0	0.567760248787203	ic3/ic7	ER+ Typical
MB-0652	0.542568479551298	0.126445814718692	0.33098570573001	ic5	HER2+
MB-0653	0.310785339739539	0.369354047312662	0.3198606129478	ic10	IC10
MB-0654	0.0472991039548024	0.923860903867162	0.0288399921780351	ic3/ic7	ER+ Typical
MB-0655	0.181129466650195	0.642501618704263	0.176368914645542	ic4ER+	ER+ Typical
MB-0656	0.41864348812764	0.0540423189022986	0.527314192970061	ic5	HER2+
MB-0657	0.573607048247735	0.270830636580506	0.155562315171759	ic3/ic7	ER+ Typical
MB-0658	0.462768905090371	0.537231094909629	0	ic10	IC10
MB-0659	0	0.676719714831876	0.323280285168124	ic4ER-	IC4ER-
MB-0660	0.436436934592983	0.563563065407017	0	ic10	IC10
MB-0661	0.0777097218526837	0.824811559297992	0.0974787188493247	ic3/ic7	ER+ Typical
MB-0662	0	0.474004624544406	0.525995375455593	ic5	HER2+
MB-0663	0.315208343576446	0.317097260515764	0.367694395907791	ic5	HER2+
MB-0664	0.798219446922842	0.150038899470928	0.0517416536062302	ic10	IC10
MB-0666	0.341622499090342	0.0975080306573343	0.560869470252324	ic3/ic7	ER+ Typical
MB-0869	0.0380390716518689	0.815741557825387	0.146219370522744	ic10	IC10
MB-0872	0.231277214835497	0.446137014030381	0.322585771134121	ic3/ic7	ER+ Typical
MB-0874	0.709204118954483	0	0.290795881045517	ic10	IC10
MB-0877	0.533255377813035	0.271648971464702	0.195095650722263	ic6	ER+ High
MB-0880	0.0562944197317659	0.885686837525876	0.0580187427423577	ic3/ic7	ER+ Typical
MB-0882	0.120353830128788	0.766896375923856	0.112749793947356	ic3/ic7	ER+ Typical
MB-0884	0.627273477429858	0.122645506881984	0.250081015688158	ic9	ER+ High
MB-0891	0	0.640541872839612	0.359458127160388	ic8	ER+ Typical
MB-0893	0.0404199125244053	0.923053100832801	0.0365269866427935	ic4ER+	ER+ Typical
MB-0895	0.325309148618245	0	0.674690851381755	ic5	HER2+
MB-0897	0.0918006044268037	0.874966174907366	0.0332332206658304	ic4ER+	ER+ Typical
MB-0899	0	0.586362353552389	0.413637646447611	ic3/ic7	ER+ Typical
MB-0901	0.59853664811105	0.40146335188895	0	ic9	ER+ High
MB-0904	0	0.647835738880167	0.352164261119833	ic3/ic7	ER+ Typical
MB-0906	0.385034648894779	0.222443650684435	0.392521700420785	ic4ER-	IC4ER-
MB-2513	0.277162626624912	0.545925244236662	0.176912129138426	ic5	HER2+
MB-2517	0.0475109719366723	0.478090297434044	0.474398730629283	ic5	HER2+
MB-2536	0.144789836545959	0.835131594376217	0.0200785690778232	ic3/ic7	ER+ Typical
MB-2556	0.0204580241323333	0.979541975867667	0	ic4ER+	ER+ Typical
MB-2564	0.0527301080581132	0.932891566730848	0.0143783252110392	ic8	ER+ Typical
MB-2610	0.0810302225159906	0.735226694250941	0.183743083233068	ic8	ER+ Typical
MB-2613	0.482220521148455	0	0.517779478851545	ic9	ER+ High
MB-2614	0	0.474004624544406	0.525995375455593	ic3/ic7	ER+ Typical
MB-2616	0	0.474004624544406	0.525995375455593	ic4ER+	ER+ Typical
MB-2617	0.574124158750724	0.423161372755735	0.00271446849354053	ic3/ic7	ER+ Typical
MB-2618	0.367150828648303	0.12066249193593	0.512186679415767	ic3/ic7	ER+ Typical
MB-2624	0	0.663314080315222	0.336685919684778	ic3/ic7	ER+ Typical
MB-2626	0.144726540068078	0.556930695194913	0.298342764737009	ic2	ER+ High
MB-2629	0.109316711785236	0.644539959982623	0.246143328232141	ic3/ic7	ER+ Typical
MB-2632	0.40709628833133	0	0.59290371166867	ic5	HER2+
MB-2634	0.73513877373205	0.16766097916917	0.0972002470987795	ic3/ic7	ER+ Typical
MB-2642	0.144726540068078	0.556930695194913	0.298342764737009	ic1	ER+ High
MB-2643	0.0445185263152133	0.928586741447698	0.0268947322370887	ic4ER-	IC4ER-
MB-2645	0.241818401936454	0.11631970174521	0.641861896318335	ic3/ic7	ER+ Typical
MB-2669	0	0.58364491602355	0.41635508397645	ic6	ER+ High
MB-2686	0.0678030738692641	0.224178531701142	0.708018394429594	ic1	ER+ High
MB-2705	0.0542846775837623	0.929296215863053	0.0164191065531845	ic3/ic7	ER+ Typical
MB-2708	0.546855627163381	0.0758318914300651	0.377312481406554	ic3/ic7	ER+ Typical
MB-2711	0	0.474004624544406	0.525995375455593	ic3/ic7	ER+ Typical
MB-2712	0	0.732819063249791	0.267180936750209	ic3/ic7	ER+ Typical
MB-2718	0.0472397978899074	0.685243026887211	0.267517175222881	ic10	IC10
MB-2721	0	0.694453672323299	0.305546327676701	ic4ER-	IC4ER-
MB-2724	0.0573556587839505	0.891236144197825	0.0514081970182243	ic4ER-	IC4ER-
MB-2725	0	0.795705557966302	0.204294442033698	ic4ER+	ER+ Typical
MB-2728	0.144726540068078	0.556930695194913	0.298342764737009	ic3/ic7	ER+ Typical
MB-2730	0.76897431135516	0.23102568864484	0	ic3/ic7	ER+ Typical
MB-2735	0	0.676393714584475	0.323606285415525	ic2	ER+ High
MB-2742	0.541066460701312	0.0738700442740201	0.385063495024668	ic5	HER2+
MB-2744	0	0.474004624544406	0.525995375455593	ic4ER+	ER+ Typical
MB-2745	0.0542653730543732	0.893000147118934	0.0527344798266925	ic8	ER+ Typical
MB-2747	0.0528950502553666	0.886053854231794	0.0610510955128396	ic8	ER+ Typical
MB-2749	0.0552306499339192	0.896567292018933	0.0482020580471482	ic3/ic7	ER+ Typical
MB-2750	0.164760217913573	0.765203288226853	0.070036493859574	ic3/ic7	ER+ Typical
MB-2752	0	0.683987130480496	0.316012869519504	ic4ER+	ER+ Typical
MB-2753	0.621062200310223	0.215137680043862	0.163800119645915	ic10	IC10
MB-2754	0	0.474004624544406	0.525995375455593	ic3/ic7	ER+ Typical
MB-2758	0.144726540068078	0.556930695194913	0.298342764737009	ic5	HER2+
MB-2760	0.0280422280483065	0.874080376901861	0.0978773950498329	ic3/ic7	ER+ Typical
MB-2763	0.00989763209663536	0.674041607314467	0.316060760588897	ic3/ic7	ER+ Typical
MB-2764	0.0573705971974227	0.931331472529771	0.0112979302728066	ic4ER+	ER+ Typical
MB-2765	0.371294627061883	0	0.628705372938117	ic8	ER+ Typical
MB-2767	0	0.620437657191734	0.379562342808266	ic2	ER+ High
MB-2769	0	0.73648358170579	0.26351641829421	ic3/ic7	ER+ Typical
MB-2770	0	0.747591590195845	0.252408409804155	ic3/ic7	ER+ Typical
MB-2771	0.395990775292123	0.604009224707877	0	ic10	IC10
MB-2772	0	0.610803180126141	0.389196819873859	ic6	ER+ High
MB-2774	0.0839723656058702	0.604556156773773	0.311471477620357	ic3/ic7	ER+ Typical
MB-2778	0.0192168886609231	0.951756643129887	0.0290264682091904	ic8	ER+ Typical
MB-2779	0.602722551167379	0.397277448832621	0	ic3/ic7	ER+ Typical
MB-2781	0	0.474004624544406	0.525995375455593	ic4ER+	ER+ Typical
MB-2786	0.372491616413283	0.627508383586717	0	ic5	HER2+
MB-2790	0	0.971694367566617	0.028305632433383	ic3/ic7	ER+ Typical
MB-2791	0.0417358328798826	0.944987667527377	0.0132764995927407	ic3/ic7	ER+ Typical
MB-2792	0.406219181276033	0.593780818723967	0	ic9	ER+ High
MB-2793	0.402222752241509	0.336091054977661	0.26168619278083	ic3/ic7	ER+ Typical
MB-2795	0.149564646513354	0.688006369697635	0.162428983789011	ic1	ER+ High
MB-2796	0	0.553443289230767	0.446556710769233	ic4ER+	ER+ Typical
MB-2797	0.14507448261883	0.833410324584124	0.021515192797046	ic6	ER+ High
MB-2801	0.677335593444279	0.22105873474201	0.101605671813711	ic3/ic7	ER+ Typical
MB-2803	0.0683580198898259	0.894029699022418	0.0376122810877557	ic3/ic7	ER+ Typical
MB-2814	0.0375655076981514	0.866082720651331	0.0963517716505179	ic3/ic7	ER+ Typical
MB-2815	0	0.474004624544406	0.525995375455593	ic3/ic7	ER+ Typical
MB-2819	0.0560101518513416	0.895704078201106	0.0482857699475526	ic3/ic7	ER+ Typical
MB-2820	0.229370436298271	0.450605528974616	0.320024034727113	ic3/ic7	ER+ Typical
MB-2821	0.00368002862024159	0.728782546329841	0.267537425049917	ic4ER-	IC4ER-
