Sample	Arc1	Arc2	Arc3	ENiClust	Subgroup
CURTIS_H000378_T01_01_WG01	0.155717718586239	0.263549110527447	0.580733170886314	ic3/ic7	ER+ Typical
CURTIS_H000379_T01_01_WG01	0.468648030071406	0.428206130765554	0.10314583916304	ic10	IC10
CURTIS_H000380_T01_01_WG01	0.189957379848939	0.588304059122418	0.221738561028643	ic6	ER+ High
CURTIS_H000381_T01_01_WG01	0.502285417963666	0.187066738841151	0.310647843195183	ic4	IC4ER-
CURTIS_H000382_T01_01_WG01	0.737218220806301	0.240840583592505	0.0219411956011944	ic9	ER+ High
CURTIS_H000383_T01_01_WG01	0.381066975547831	0.618933024452169	0	ic10	IC10
CURTIS_H000384_T01_01_WG01	0.803642811899194	0.177362381058139	0.0189948070426677	ic10	IC10
CURTIS_H000385_T01_01_WG01	0.470212847814143	0.148150442495811	0.381636709690046	ic8	ER+ Typical
CURTIS_H000386_T01_01_WG01	0.721029982909316	0.0797569500491406	0.199213067041544	ic10	IC10
CURTIS_H000387_T01_01_WG01	0.0791705100726098	0.266560156670594	0.654269333256797	ic1	ER+ High
CURTIS_H000388_T01_01_WG01	0.712864189645152	0.193580398573152	0.0935554117816961	ic10	IC10
CURTIS_H000389_T01_01_WG01	0.552293243248634	0.411026125581717	0.0366806311696488	ic1	ER+ High
CURTIS_H000390_T01_01_WG01	0.571452679433316	0.0961083797526591	0.332438940814025	ic3/ic7	ER+ Typical
CURTIS_H000391_T01_01_WG01	0.520961333370798	0.264408042847331	0.214630623781871	ic5	HER2+
CURTIS_H000392_T01_01_WG01	0.0156013623596636	0.295097650048955	0.689300987591382	ic5	HER2+
CURTIS_H000393_T01_01_WG01	0.317152056595789	0.109339246242929	0.573508697161282	ic5	HER2+
CURTIS_H000394_T01_01_WG01	0.255062889500641	0.594295625848212	0.150641484651147	ic5	HER2+
CURTIS_H000395_T01_01_WG01	0.496412542577846	0.084097807596623	0.419489649825531	ic10	IC10
CURTIS_H000396_T01_01_WG01	0.141073818614557	0.0316190528770687	0.827307128508374	ic9	ER+ High
CURTIS_H000397_T01_01_WG01	0.617087811171217	0.166799353201745	0.216112835627038	ic10	IC10
CURTIS_H000398_T01_01_WG01	0.0727986831675427	0.475328791812964	0.451872525019494	ic3/ic7	ER+ Typical
CURTIS_H000399_T01_01_WG01	0.389169290416269	0.361544956221441	0.24928575336229	ic1	ER+ High
CURTIS_H000400_T01_01_WG01	0.00310812045406745	0.372427109945259	0.624464769600674	ic1	ER+ High
CURTIS_H000401_T01_01_WG01	0.500694969038594	0.441400703874747	0.0579043270866591	ic10	IC10
CURTIS_H000402_T01_01_WG01	0.378069993947755	0	0.621930006052245	ic9	ER+ High
CURTIS_H000403_T01_01_WG01	0.803400475594537	0.147291602642399	0.0493079217630639	ic10	IC10
CURTIS_H000404_T01_01_WG01	0.511401229829784	0.332373792241242	0.156224977928974	ic8	ER+ Typical
CURTIS_H000405_T01_01_WG01	0.395349406967409	0.0388669553613721	0.565783637671218	ic3/ic7	ER+ Typical
CURTIS_H000406_T01_01_WG01	0.734976011831074	0.19053001825331	0.0744939699156164	ic10	IC10
CURTIS_H000407_T01_01_WG01	0.666800741033931	0.187744298594755	0.145454960371314	ic10	IC10
CURTIS_H000408_T01_01_WG01	0.483085835655704	0.512497707152879	0.00441645719141713	ic10	IC10
CURTIS_H000409_T01_01_WG01	0.793219339671413	0.0625306212887804	0.144250039039806	ic10	IC10
CURTIS_H000410_T01_01_WG01	0.200541785654981	0.517553222687193	0.281904991657826	ic8	ER+ Typical
CURTIS_H000411_T01_01_WG01	0.630847281555278	0.130319199713567	0.238833518731155	ic10	IC10
CURTIS_H000412_T01_01_WG01	0	0.0513578530209751	0.948642146979025	ic5	HER2+
CURTIS_H000413_T01_01_WG01	0.805334463986313	0.185602795470341	0.00906274054334604	ic10	IC10
CURTIS_H000414_T01_01_WG01	0.790090381404345	0.0335929324672276	0.176316686128428	ic10	IC10
CURTIS_H000415_T01_01_WG01	0.0309212795437972	0.263487847201825	0.705590873254378	ic1	ER+ High
CURTIS_H000416_T01_01_WG01	0.333544691038875	0.286138228676788	0.380317080284337	ic6	ER+ High
CURTIS_H000417_T01_01_WG01	0.466634423111587	0.460804128673788	0.072561448214625	ic4	ER+ Typical
CURTIS_H000418_T01_01_WG01	0.224523975022172	0.531575386451736	0.243900638526092	ic8	ER+ Typical
CURTIS_H000419_T01_01_WG01	0	0.740840896733795	0.259159103266205	ic6	ER+ High
CURTIS_H000420_T01_01_WG01	0.0372176392263949	0.478243986236276	0.484538374537329	ic3/ic7	ER+ Typical
CURTIS_H000421_T01_01_WG01	0	0.39283955911275	0.60716044088725	ic3/ic7	ER+ Typical
CURTIS_H000422_T01_01_WG01	0.09016517282449	0.697887669394141	0.211947157781369	ic3/ic7	ER+ Typical
CURTIS_H000423_T01_01_WG01	0.413240629143999	0.51565298715458	0.0711063837014208	ic3/ic7	ER+ Typical
CURTIS_H000424_T01_01_WG01	0.0289450958088828	0.971054904191117	0	ic8	ER+ Typical
CURTIS_H000425_T01_01_WG01	0.12795256396744	0.485978557164503	0.386068878868058	ic3/ic7	ER+ Typical
CURTIS_H000426_T01_01_WG01	0.028549416963316	0.368000439882259	0.603450143154425	ic4	NA
CURTIS_H000427_T01_01_WG01	0.226506934092801	0.296248421931663	0.477244643975536	ic3/ic7	ER+ Typical
CURTIS_H000428_T01_01_WG01	0	0.535966031204127	0.464033968795873	ic3/ic7	ER+ Typical
CURTIS_H000429_T01_01_WG01	0.101670395950346	0.420295797145771	0.478033806903882	ic6	ER+ High
CURTIS_H000430_T01_01_WG01	0.0599266285009166	0.734476912449327	0.205596459049756	ic8	ER+ Typical
CURTIS_H000431_T01_01_WG01	0.0769893337193208	0.58379234570016	0.339218320580519	ic3/ic7	ER+ Typical
CURTIS_H000432_T01_01_WG01	0.0087268778958278	0.310947713501828	0.680325408602344	ic2	ER+ High
CURTIS_H000433_T01_01_WG01	0.145307497148293	0.692636927539628	0.162055575312078	ic8	ER+ Typical
CURTIS_H000434_T01_01_WG01	0.293360676745481	0.384302775634069	0.322336547620451	ic8	ER+ Typical
CURTIS_H000435_T01_01_WG01	0.266112874568674	0.315305148287755	0.418581977143571	ic9	ER+ High
CURTIS_H000436_T01_01_WG01	0	0.689082019036368	0.310917980963632	ic4	ER+ Typical
CURTIS_H000437_T01_01_WG01	0.204061668133011	0.318091295639157	0.477847036227832	ic3/ic7	ER+ Typical
CURTIS_H000438_T01_01_WG01	0.000438561194303176	0.39410919008929	0.605452248716407	ic6	ER+ High
CURTIS_H000439_T01_01_WG01	0	0.467696609616707	0.532303390383293	ic8	ER+ Typical
CURTIS_H000440_T01_01_WG01	0.00594247698940762	0.866676378213667	0.127381144796925	ic3/ic7	ER+ Typical
CURTIS_H000441_T01_01_WG01	0.379389554178129	0.415556850973167	0.205053594848705	ic3/ic7	ER+ Typical
CURTIS_H000442_T01_01_WG01	0.282893444012944	0.401133729682497	0.315972826304558	ic3/ic7	ER+ Typical
CURTIS_H000443_T01_01_WG01	0.217844824066142	0.362628026653347	0.419527149280511	ic3/ic7	ER+ Typical
CURTIS_H000444_T01_01_WG01	0.075269620903693	0.621363163724713	0.303367215371594	ic4	ER+ Typical
CURTIS_H000445_T01_01_WG01	0.229346450570877	0.525008631560961	0.245644917868163	ic4	ER+ Typical
CURTIS_H000446_T01_01_WG01	0.186917559438481	0.440850596890917	0.372231843670602	ic4	ER+ Typical
CURTIS_H000447_T01_01_WG01	0.353823067214341	0.586141582852974	0.0600353499326849	ic3/ic7	ER+ Typical
CURTIS_H000448_T01_01_WG01	0.158779727277423	0.440245594237239	0.400974678485338	ic3/ic7	ER+ Typical
CURTIS_H000449_T01_01_WG01	0.0648231772258181	0.805236356086104	0.129940466688078	ic3/ic7	ER+ Typical
CURTIS_H000450_T01_01_WG01	0.0682985284961358	0.623804869851999	0.307896601651866	ic4	ER+ Typical
CURTIS_H000451_T01_01_WG01	0.234605802680078	0.500721228754624	0.264672968565298	ic9	ER+ High
CURTIS_H000452_T01_01_WG01	0.00600387006476418	0.464994973630751	0.529001156304484	ic3/ic7	ER+ Typical
CURTIS_H000453_T01_01_WG01	0.381707425275339	0.481496995979725	0.136795578744936	ic3/ic7	ER+ Typical
CURTIS_H000454_T01_01_WG01	0	0.275432742675962	0.724567257324038	ic4	ER+ Typical
CURTIS_H000455_T01_01_WG01	0.59105571777514	0.182476357423015	0.226467924801845	ic1	ER+ High
CURTIS_H000456_T01_01_WG01	0.0455935688123566	0.380660831917184	0.573745599270459	ic3/ic7	ER+ Typical
CURTIS_H000457_T01_01_WG01	0.174780681837826	0.685021598424354	0.14019771973782	ic3/ic7	ER+ Typical
CURTIS_H000458_T01_01_WG01	0.0415193077207601	0.548378905725297	0.410101786553942	ic3/ic7	ER+ Typical
CURTIS_H000459_T01_01_WG01	0.0964822737690018	0.801420354909928	0.10209737132107	ic3/ic7	ER+ Typical
CURTIS_H000460_T01_01_WG01	0.133046706333303	0.371566677507567	0.49538661615913	ic4	ER+ Typical
CURTIS_H000461_T01_01_WG01	0.117772885764279	0.568035067097511	0.314192047138211	ic8	ER+ Typical
CURTIS_H000462_T01_01_WG01	0.347427809949901	0.558116828424807	0.0944553616252922	ic9	ER+ High
CURTIS_H000463_T01_01_WG01	0.252809990909635	0	0.747190009090365	ic3/ic7	ER+ Typical
CURTIS_H000464_T01_01_WG01	0.00205554267019993	0.561146679499762	0.436797777830038	ic3/ic7	ER+ Typical
CURTIS_H000465_T01_01_WG01	0.372745406999267	0.531589708712301	0.0956648842884316	ic8	ER+ Typical
CURTIS_H000466_T01_01_WG01	0.0857169447688869	0.814110921698894	0.100172133532219	ic3/ic7	ER+ Typical
CURTIS_H000467_T01_01_WG01	0.447242539587682	0.316206404320826	0.236551056091492	ic3/ic7	ER+ Typical
CURTIS_H000468_T01_01_WG01	0.395797812874303	0.123676992907286	0.480525194218411	ic3/ic7	ER+ Typical
CURTIS_H000469_T01_01_WG01	0.354355017090331	0.431577769053794	0.214067213855875	ic3/ic7	ER+ Typical
CURTIS_H000470_T01_01_WG01	0.0579917381017102	0.313804911248022	0.628203350650268	ic3/ic7	ER+ Typical
CURTIS_H000471_T01_01_WG01	0.136519310356656	0.752510177195487	0.110970512447856	ic3/ic7	ER+ Typical
CURTIS_H000472_T01_01_WG01	0.340192622649081	0.0481871112484196	0.611620266102499	ic9	ER+ High
CURTIS_H000473_T01_01_WG01	0	0.442569902286759	0.557430097713241	ic3/ic7	ER+ Typical
CURTIS_H000474_T01_01_WG01	0.320223772221049	0.131323190178148	0.548453037600803	ic3/ic7	ER+ Typical
CURTIS_H000475_T01_01_WG01	0.196385263387768	0.418189341596809	0.385425395015423	ic3/ic7	ER+ Typical
CURTIS_H000476_T01_01_WG01	0.316512442597112	0.617151599468235	0.0663359579346537	ic3/ic7	ER+ Typical
CURTIS_H000477_T01_01_WG01	0.0780897107068535	0.26312695034506	0.658783338948086	ic1	ER+ High
CURTIS_H000478_T01_01_WG01	0.400144166667509	0.514850130536915	0.0850057027955753	ic9	ER+ High
CURTIS_H000479_T01_01_WG01	0.537578888307647	0.341959044355482	0.120462067336871	ic9	ER+ High
CURTIS_H000480_T01_01_WG01	0.729703744267974	0.0802780694518469	0.190018186280179	ic10	IC10
CURTIS_H000481_T01_01_WG01	0.0582091905456634	0.579262277863479	0.362528531590857	ic4	ER+ Typical
CURTIS_H000482_T01_01_WG01	0.431626435164836	0.470816103323022	0.0975574615121418	ic3/ic7	ER+ Typical
CURTIS_H000483_T01_01_WG01	0.0731118502260204	0.671789716194962	0.255098433579018	ic3/ic7	ER+ Typical
CURTIS_H000484_T01_01_WG01	0.615829561426293	0.26460504537747	0.119565393196236	ic6	ER+ High
CURTIS_H000485_T01_01_WG01	0.057428880621723	0.233042480892026	0.709528638486251	ic2	ER+ High
CURTIS_H000486_T01_01_WG01	0.0215344047669868	0.448804454330588	0.529661140902425	ic4	ER+ Typical
CURTIS_H000487_T01_01_WG01	0.147027048952875	0.453808466226064	0.399164484821061	ic5	HER2+
CURTIS_H000488_T01_01_WG01	0.0266626191941513	0.832052558727766	0.141284822078083	ic3/ic7	ER+ Typical
CURTIS_H000489_T01_01_WG01	0.305060654266853	0.190190661252864	0.504748684480284	ic6	ER+ High
CURTIS_H000490_T01_01_WG01	0.0432399852387776	0.412349719556374	0.544410295204848	ic8	ER+ Typical
CURTIS_H000491_T01_01_WG01	0	0.993822078045255	0.00617792195474456	ic3/ic7	ER+ Typical
CURTIS_H000492_T01_01_WG01	0.16318634955458	0.715985596690363	0.120828053755057	ic8	ER+ Typical
CURTIS_H000493_T01_01_WG01	0.0365841250918827	0.790328494793254	0.173087380114863	ic8	ER+ Typical
CURTIS_H000494_T01_01_WG01	0.750633888185525	0.229907256141904	0.0194588556725715	ic3/ic7	ER+ Typical
CURTIS_H000495_T01_01_WG01	0	0.536173243126202	0.463826756873798	ic8	ER+ Typical
CURTIS_H000496_T01_01_WG01	0.152663408128125	0.768281507974655	0.0790550838972202	ic3/ic7	ER+ Typical
CURTIS_H000497_T01_01_WG01	0.422957198579348	0.0455871941583487	0.531455607262303	ic9	ER+ High
CURTIS_H000498_T01_01_WG01	0.287790102211806	0.688181098836748	0.0240287989514454	ic10	IC10
CURTIS_H000499_T01_01_WG01	0.703851207780009	0.125581508680959	0.170567283539032	ic10	IC10
CURTIS_H000500_T01_01_WG01	0.390328280718147	0.325571683506978	0.284100035774875	ic2	ER+ High
CURTIS_H000501_T01_01_WG01	0.475602399475329	0.287517610338465	0.236879990186206	ic10	IC10
CURTIS_H000502_T01_01_WG01	0.646994401386254	0.146159237520253	0.206846361093493	ic5	HER2+
CURTIS_H000503_T01_01_WG01	0.286966985346786	0.43840813072966	0.274624883923554	ic3/ic7	ER+ Typical
CURTIS_H000504_T01_01_WG01	0.347884118464377	0.452368835924604	0.199747045611019	ic10	IC10
CURTIS_H000505_T01_01_WG01	0.0571747372809821	0.424019883279756	0.518805379439262	ic9	ER+ High
CURTIS_H000506_T01_01_WG01	0.339792593695347	0.212707030823435	0.447500375481218	ic10	IC10
CURTIS_H000507_T01_01_WG01	0.465985763707197	0.191799903076598	0.342214333216205	ic4	ER+ Typical
CURTIS_H000509_T01_01_WG01	0.310323081277	0.195042750034927	0.494634168688073	ic4	IC4ER-
CURTIS_H000510_T01_01_WG01	0.553125174836595	0.0728094920226494	0.374065333140756	ic10	IC10
CURTIS_H000511_T01_01_WG01	0.568100212622092	0.0687846745409201	0.363115112836988	ic1	ER+ High
CURTIS_H000513_T01_01_WG01	0.493266555002457	0.00586011206787849	0.500873332929665	ic9	ER+ High
CURTIS_H000514_T01_01_WG01	0.431264118539044	0.403093801872435	0.165642079588521	ic10	IC10
CURTIS_H000515_T01_01_WG01	0.426990202423948	0.491957702543186	0.0810520950328659	ic10	IC10
CURTIS_H000516_T01_01_WG01	0.703491728371797	0.1164573060789	0.180050965549303	ic10	IC10
CURTIS_H000517_T01_01_WG01	0.582664642586171	0.254332254642597	0.163003102771232	ic10	IC10
CURTIS_H000518_T01_01_WG01	0.105088493466811	0.281794696886908	0.61311680964628	ic2	ER+ High
CURTIS_H000519_T01_01_WG01	0.481129709284694	0.420419171502519	0.098451119212787	ic1	ER+ High
CURTIS_H000520_T01_01_WG01	0.367816546754038	0	0.632183453245962	ic5	HER2+
CURTIS_H000521_T01_01_WG01	0.397501294636594	0.579867110406671	0.0226315949567346	ic3/ic7	ER+ Typical
CURTIS_H000522_T01_01_WG01	0.154409597568463	0.752532443329492	0.0930579591020455	ic4	ER+ Typical
CURTIS_H000523_T01_01_WG01	0.183142792711809	0.526633892730008	0.290223314558183	ic5	HER2+
CURTIS_H000524_T01_01_WG01	0.326049942129381	0	0.673950057870619	ic5	HER2+
CURTIS_H000526_T01_01_WG01	0.0751065665038362	0.388900768782817	0.535992664713347	ic3/ic7	ER+ Typical
CURTIS_H000527_T01_01_WG01	0.305197654660791	0.0531269236284962	0.641675421710712	ic1	ER+ High
CURTIS_H000528_T01_01_WG01	0.533761434939484	0.0992342643609567	0.367004300699559	ic10	IC10
CURTIS_H000529_T01_01_WG01	0.00907499277035368	0.19733954671039	0.793585460519256	ic2	ER+ High
CURTIS_H000530_T01_01_WG01	0.312564160704462	0.183155623535878	0.50428021575966	ic5	HER2+
CURTIS_H000531_T01_01_WG01	0.742372603192805	0.201151126533956	0.0564762702732393	ic10	IC10
CURTIS_H000532_T01_01_WG01	0.420794522327073	0.0590919107345532	0.520113566938374	ic3/ic7	ER+ Typical
CURTIS_H000533_T01_01_WG01	0.434828791058345	0.0781760933333581	0.486995115608297	ic10	IC10
CURTIS_H000534_T01_01_WG01	0.178180008762717	0.000588167106946365	0.821231824130337	ic9	ER+ High
CURTIS_H000535_T01_01_WG01	0.010331220684049	0.300387895255664	0.689280884060287	ic9	ER+ High
CURTIS_H000536_T01_01_WG01	0.231733878703233	0.242271226261996	0.525994895034771	ic4	IC4ER-
CURTIS_H000537_T01_01_WG01	0.282830917909837	0.231222772600799	0.485946309489364	ic5	HER2+
CURTIS_H000538_T01_01_WG01	0.746636427484173	0.223387566890452	0.0299760056253755	ic10	IC10
CURTIS_H000539_T01_01_WG01	0.397930968693911	0.368310780017237	0.233758251288852	ic9	ER+ High
CURTIS_H000540_T01_01_WG01	0.438640705223697	0.422184969617617	0.139174325158686	ic10	IC10
CURTIS_H000541_T01_01_WG01	0.577177003643729	0.257534243785977	0.165288752570294	ic9	ER+ High
CURTIS_H000543_T01_01_WG01	0.490820094954762	0.431850430392941	0.0773294746522964	ic10	IC10
CURTIS_H000545_T01_01_WG01	0.67659375129643	0.135201956827166	0.188204291876404	ic10	IC10
CURTIS_H000546_T01_01_WG01	0.760536462396231	0.215937497219533	0.0235260403842359	ic9	ER+ High
CURTIS_H000547_T01_01_WG01	0.513541729734321	0.125483542824795	0.360974727440884	ic5	HER2+
CURTIS_H000548_T01_01_WG01	0.0918182899185761	0.201799338110065	0.706382371971359	ic5	HER2+
CURTIS_H000550_T01_01_WG01	0.445014876927292	0.554985123072708	0	ic10	IC10
CURTIS_H000551_T01_01_WG01	0.616191055875122	0.383808944124878	0	ic10	IC10
CURTIS_H000552_T01_01_WG01	0.0262089143787258	0.622259009234911	0.351532076386363	ic3/ic7	ER+ Typical
CURTIS_H000553_T01_01_WG01	0.399378503402644	0	0.600621496597356	ic1	ER+ High
CURTIS_H000554_T01_01_WG01	0.531692929317555	0.40378486520998	0.0645222054724646	ic9	ER+ High
CURTIS_H000557_T01_01_WG01	0.0906148341653895	0.716928508344357	0.192456657490253	ic3/ic7	ER+ Typical
CURTIS_H000558_T01_01_WG01	0.34465123570803	0.185484161743198	0.469864602548772	ic5	HER2+
CURTIS_H000559_T01_01_WG01	0.00689563714310018	0.314586356783213	0.678518006073687	ic5	HER2+
CURTIS_H000560_T01_01_WG01	0.146136325158546	0.595048991214841	0.258814683626613	ic10	IC10
CURTIS_H000561_T01_01_WG01	0.380933015973509	0.441526573157847	0.177540410868644	ic10	IC10
CURTIS_H000562_T01_01_WG01	0.734158693735465	0.124725105490331	0.141116200774204	ic10	IC10
CURTIS_H000563_T01_01_WG01	0.762049891986944	0	0.237950108013056	ic10	IC10
CURTIS_H000564_T01_01_WG01	0.632707750557076	0.367292249442924	0	ic10	IC10
CURTIS_H000565_T01_01_WG01	0.438963921372337	0.0722884988159282	0.488747579811735	ic9	ER+ High
CURTIS_H000566_T01_01_WG01	1	0	0	ic10	IC10
CURTIS_H000567_T01_01_WG01	0.303997332745081	0.696002667254919	0	ic9	ER+ High
CURTIS_H000568_T01_01_WG01	0.710777310427619	0.176441407302847	0.112781282269533	ic4	NA
CURTIS_H000569_T01_01_WG01	0.390115498657393	0	0.609884501342607	ic10	IC10
CURTIS_H000570_T01_01_WG01	0.493105507521535	0.147247296225791	0.359647196252674	ic10	IC10
CURTIS_H000571_T01_01_WG01	0.54620271986203	0.389908169526873	0.063889110611097	ic10	IC10
CURTIS_H000572_T01_01_WG01	0.658870449976622	0.341129550023378	0	ic10	IC10
CURTIS_H000573_T01_01_WG01	0.607756494200634	0.238052069322833	0.154191436476533	ic4	IC4ER-
CURTIS_H000574_T01_01_WG01	0.81100000386978	0.106225935082416	0.0827740610478045	ic10	IC10
CURTIS_H000575_T01_01_WG01	0.594624101484283	0.361320942463118	0.0440549560525999	ic10	IC10
CURTIS_H000576_T01_01_WG01	0.410995237383942	0.378600462851057	0.210404299765001	ic4	IC4ER-
CURTIS_H000577_T01_01_WG01	0.577517137269706	0	0.422482862730294	ic10	IC10
CURTIS_H000578_T01_01_WG01	0.440497339107804	0.497374907721265	0.0621277531709316	ic10	IC10
CURTIS_H000579_T01_01_WG01	0.591859186887529	0.128343292133995	0.279797520978476	ic10	IC10
CURTIS_H000580_T01_01_WG01	0.69809917856473	0.225037625396261	0.0768631960390086	ic4	IC4ER-
CURTIS_H000581_T01_01_WG01	0.201122093917077	0.391378384797739	0.407499521285184	ic9	ER+ High
CURTIS_H000582_T01_01_WG01	0.271843329131851	0.0649596680604029	0.663197002807746	ic10	IC10
CURTIS_H000583_T01_01_WG01	0.226058464021712	0.232760125986386	0.541181409991901	ic10	IC10
CURTIS_H000585_T01_01_WG01	0.347404034588959	0	0.652595965411041	ic9	ER+ High
CURTIS_H000587_T01_01_WG01	0.240948338261607	0.0252957189882293	0.733755942750163	ic5	HER2+
CURTIS_H000588_T01_01_WG01	0.548053627101224	0.0373002291085898	0.414646143790186	ic10	IC10
CURTIS_H000589_T01_01_WG01	0.684056044547477	0.246678324819594	0.06926563063293	ic10	IC10
CURTIS_H000590_T01_01_WG01	0.715644853836527	0.150014097934599	0.134341048228874	ic10	IC10
CURTIS_H000591_T01_01_WG01	0.438580398142999	0.0718983981505646	0.489521203706436	ic3/ic7	ER+ Typical
CURTIS_H000592_T01_01_WG01	0.148665026043125	0.601727761254238	0.249607212702638	ic8	ER+ Typical
CURTIS_H000593_T01_01_WG01	0.528817728957588	0.239003819122731	0.232178451919681	ic1	ER+ High
CURTIS_H000724_T01_01_WG01	0.326711591467768	0.470205041318634	0.203083367213598	ic10	IC10
CURTIS_H000730_T01_01_WG01	0.444217499599992	0.431604381017334	0.124178119382674	ic4	IC4ER-
CURTIS_H000779_T01_01_WG01	0.544558458743655	0.135156789666935	0.32028475158941	ic10	IC10
CURTIS_H000782_T01_01_WG01	0.587520892436912	0.195162127248536	0.217316980314552	ic10	IC10
CURTIS_H000793_T01_01_WG01	0.347258431467015	0.500046041314576	0.152695527218409	ic3/ic7	ER+ Typical
CURTIS_H001390_T01_01_WG01	0.563906292573925	0	0.436093707426075	ic10	IC10
CURTIS_H001391_T01_01_WG01	0.0506723897807579	0.411566011091553	0.537761599127689	ic3/ic7	ER+ Typical
CURTIS_H001392_T01_01_WG01	0.158101607649625	0.313335119167317	0.528563273183058	ic4	ER+ Typical
CURTIS_H001393_T01_01_WG01	0.215559178044048	0.469603980703532	0.31483684125242	ic4	ER+ Typical
CURTIS_H001394_T01_01_WG01	0.0553326706936006	0.51615385273299	0.428513476573409	ic1	ER+ High
CURTIS_H001395_T01_01_WG01	0.530668407159516	0.108747888788054	0.36058370405243	ic1	ER+ High
CURTIS_H001396_T01_01_WG01	0.308190730769606	0.551054289339831	0.140754979890563	ic3/ic7	ER+ Typical
CURTIS_H001397_T01_01_WG01	0.273475616643919	0.356851712644345	0.369672670711736	ic3/ic7	ER+ Typical
CURTIS_H001398_T01_01_WG01	0.432392466088934	0.0822097466347084	0.485397787276358	ic2	ER+ High
CURTIS_H001399_T01_01_WG01	0	0.359348102070651	0.640651897929349	ic5	HER2+
CURTIS_H001400_T01_01_WG01	0.296193465733655	0.0896558195068705	0.614150714759475	ic1	ER+ High
CURTIS_H001401_T01_01_WG01	0.148246328856764	0.140428720254029	0.711324950889207	ic5	HER2+
CURTIS_H001402_T01_01_WG01	0	0.512388098827667	0.487611901172333	ic3/ic7	ER+ Typical
CURTIS_H001403_T01_01_WG01	0.0533428563645958	0.303517320174549	0.643139823460855	ic1	ER+ High
CURTIS_H001404_T01_01_WG01	0.476387615542646	0.12054903020731	0.403063354250044	ic5	HER2+
CURTIS_H001405_T01_01_WG01	0.0510336710695563	0.803121812809294	0.14584451612115	ic8	ER+ Typical
CURTIS_H001406_T01_01_WG01	0.103900532951501	0.670719581747581	0.225379885300918	ic3/ic7	ER+ Typical
CURTIS_H001407_T01_01_WG01	0.168149797231388	0.569662606711165	0.262187596057447	ic3/ic7	ER+ Typical
CURTIS_H001408_T01_01_WG01	0.228281351443754	0.533717550099565	0.238001098456681	ic3/ic7	ER+ Typical
CURTIS_H001409_T01_01_WG01	0	0.480475097574937	0.519524902425063	ic3/ic7	ER+ Typical
CURTIS_H001410_T01_01_WG01	0.346919031590757	0.126933307914744	0.5261476604945	ic3/ic7	ER+ Typical
CURTIS_H001411_T01_01_WG01	0.0890979153413664	0.76320371481647	0.147698369842164	ic8	ER+ Typical
CURTIS_H001412_T01_01_WG01	0.45177943554244	0.129681666220205	0.418538898237354	ic8	ER+ Typical
CURTIS_H001413_T01_01_WG01	0.670427069119112	0.166025976057249	0.16354695482364	ic3/ic7	ER+ Typical
CURTIS_H001414_T01_01_WG01	0.0646785685363035	0.747936889424133	0.187384542039563	ic3/ic7	ER+ Typical
CURTIS_H001415_T01_01_WG01	0.0324198256107423	0.448833443769502	0.518746730619756	ic4	ER+ Typical
CURTIS_H001416_T01_01_WG01	0.436361923029432	0.0164851044424615	0.547152972528106	ic9	ER+ High
CURTIS_H001417_T01_01_WG01	0.220744976165606	0.0307457645706245	0.74850925926377	ic1	ER+ High
CURTIS_H001418_T01_01_WG01	0.144465336804317	0.156945275511589	0.698589387684094	ic8	ER+ Typical
CURTIS_H001419_T01_01_WG01	0.158228052906707	0.578590480941105	0.263181466152189	ic6	ER+ High
CURTIS_H001420_T01_01_WG01	0.128273319875629	0.660031901795714	0.211694778328658	ic3/ic7	ER+ Typical
CURTIS_H001421_T01_01_WG01	0.20466393549066	0.279637116176484	0.515698948332856	ic3/ic7	ER+ Typical
CURTIS_H001422_T01_01_WG01	0.722764521355068	0.00741016788309843	0.269825310761833	ic6	ER+ High
CURTIS_H001423_T01_01_WG01	0.0316594974227868	0.47980557468506	0.488534927892153	ic3/ic7	ER+ Typical
CURTIS_H001424_T01_01_WG01	0.0235570225331181	0.681359542815659	0.295083434651223	ic4	ER+ Typical
CURTIS_H001426_T01_01_WG01	0.245149493071576	0.553703883167773	0.201146623760652	ic8	ER+ Typical
CURTIS_H001427_T01_01_WG01	0.361464671059957	0.103171969794514	0.535363359145529	ic3/ic7	ER+ Typical
CURTIS_H001428_T01_01_WG01	0.0984085375924654	0.693092199548195	0.208499262859339	ic8	ER+ Typical
CURTIS_H001429_T01_01_WG01	0.126948333303513	0.1979648891276	0.675086777568887	ic1	ER+ High
CURTIS_H001430_T01_01_WG01	0.382061052427007	0.563372823618459	0.0545661239545348	ic8	ER+ Typical
CURTIS_H001431_T01_01_WG01	0.477925277506826	0.503681863871693	0.0183928586214813	ic4	ER+ Typical
CURTIS_H001432_T01_01_WG01	0.316356318910574	0.0348879241388585	0.648755756950567	ic2	ER+ High
CURTIS_H001433_T01_01_WG01	0	0.533957314892345	0.466042685107655	ic3/ic7	ER+ Typical
CURTIS_H001434_T01_01_WG01	0.164866363127603	0.360680385002464	0.474453251869933	ic3/ic7	ER+ Typical
CURTIS_H001435_T01_01_WG01	0.399008687495407	0.324185341385405	0.276805971119188	ic3/ic7	ER+ Typical
CURTIS_H001436_T01_01_WG01	0.444366458699336	0.161226268014414	0.39440727328625	ic1	ER+ High
CURTIS_H001437_T01_01_WG01	0.318562038563878	0	0.681437961436122	ic3/ic7	ER+ Typical
CURTIS_H001438_T01_01_WG01	0.113512019474026	0.258581116105271	0.627906864420703	ic6	ER+ High
CURTIS_H001439_T01_01_WG01	0	0.545542874486897	0.454457125513103	ic8	ER+ Typical
CURTIS_H001440_T01_01_WG01	0.268401700456229	0.0375479099247372	0.694050389619034	ic5	HER2+
CURTIS_H001441_T01_01_WG01	0.0503284726186522	0.225778855366217	0.723892672015131	ic5	HER2+
CURTIS_H001442_T01_01_WG01	0.42680425401361	0.0247927227164805	0.54840302326991	ic5	HER2+
CURTIS_H001443_T01_01_WG01	0.0557665521876412	0.814576149892069	0.12965729792029	ic8	ER+ Typical
CURTIS_H001444_T01_01_WG01	0.0321185329740816	0.597781689731979	0.370099777293939	ic6	ER+ High
CURTIS_H001445_T01_01_WG01	0.600801699398603	0.169632544155195	0.229565756446202	ic3/ic7	ER+ Typical
CURTIS_H001446_T01_01_WG01	0.296937548333496	0.339257640846065	0.36380481082044	ic3/ic7	ER+ Typical
CURTIS_H001447_T01_01_WG01	0.137283260202334	0.572907996850772	0.289808742946894	ic3/ic7	ER+ Typical
CURTIS_H001448_T01_01_WG01	0.0795457441405367	0.35395978436746	0.566494471492003	ic3/ic7	ER+ Typical
CURTIS_H001449_T01_01_WG01	0.750236779759499	0.167882047740941	0.08188117249956	ic3/ic7	ER+ Typical
CURTIS_H001450_T01_01_WG01	0.169551703027597	0.830448296972403	0	ic8	ER+ Typical
CURTIS_H001451_T01_01_WG01	0	0.608046747132362	0.391953252867638	ic3/ic7	ER+ Typical
CURTIS_H001452_T01_01_WG01	0.139738483602287	0.262888367063781	0.597373149333932	ic2	ER+ High
CURTIS_H001453_T01_01_WG01	0.137704453915252	0.205075395160057	0.657220150924692	ic3/ic7	ER+ Typical
CURTIS_H001454_T01_01_WG01	0.321120492788931	0.604836186427498	0.0740433207835707	ic4	ER+ Typical
CURTIS_H001455_T01_01_WG01	0.0242535897952016	0.36740846964559	0.608337940559208	ic8	ER+ Typical
CURTIS_H001456_T01_01_WG01	0.132413769951411	0.750659474978612	0.116926755069978	ic3/ic7	ER+ Typical
CURTIS_H001457_T01_01_WG01	0.165480804755962	0.316226142985513	0.518293052258525	ic8	ER+ Typical
CURTIS_H001458_T01_01_WG01	0.28887705993031	0.458795939165984	0.252327000903705	ic3/ic7	ER+ Typical
CURTIS_H001459_T01_01_WG01	0	0.245938502002345	0.754061497997655	ic1	ER+ High
CURTIS_H001460_T01_01_WG01	0.155372578269428	0.570997282801485	0.273630138929087	ic4	ER+ Typical
CURTIS_H001461_T01_01_WG01	0.583033898146005	0.0449515439152599	0.372014557938736	ic9	ER+ High
CURTIS_H001462_T01_01_WG01	0.141854873788382	0.273458276507004	0.584686849704614	ic5	HER2+
CURTIS_H001463_T01_01_WG01	0.147049606754218	0.40404261602534	0.448907777220442	ic5	HER2+
CURTIS_H001464_T01_01_WG01	0.207849094280277	0.405647215581399	0.386503690138324	ic3/ic7	ER+ Typical
CURTIS_H001465_T01_01_WG01	0.401346954248232	0.0789483761836809	0.519704669568087	ic5	HER2+
CURTIS_H001466_T01_01_WG01	0.381047712655524	0.0561417885836036	0.562810498760873	ic9	ER+ High
CURTIS_H001467_T01_01_WG01	0.113282704353612	0.156279002792642	0.730438292853746	ic2	ER+ High
CURTIS_H001468_T01_01_WG01	0.314052140277595	0	0.685947859722405	ic3/ic7	ER+ Typical
CURTIS_H001469_T01_01_WG01	0.492203411617789	0.191350661936397	0.316445926445813	ic3/ic7	ER+ Typical
CURTIS_H001470_T01_01_WG01	0.0406413138120096	0.842984098646825	0.116374587541166	ic3/ic7	ER+ Typical
CURTIS_H001471_T01_01_WG01	0.00579862336121983	0.560628643468444	0.433572733170336	ic3/ic7	ER+ Typical
CURTIS_H001472_T01_01_WG01	0.186157198790042	0.545239601398492	0.268603199811465	ic3/ic7	ER+ Typical
CURTIS_H001473_T01_01_WG01	0.21205316395573	0.75555850999266	0.0323883260516096	ic4	ER+ Typical
CURTIS_H001474_T01_01_WG01	0.127857934661925	0.588657925882555	0.28348413945552	ic8	ER+ Typical
CURTIS_H001475_T01_01_WG01	0.000479627347133677	0.558320800692851	0.441199571960015	ic3/ic7	ER+ Typical
CURTIS_H001476_T01_01_WG01	0	0.535254211113559	0.464745788886441	ic3/ic7	ER+ Typical
CURTIS_H001477_T01_01_WG01	0.456018033667745	0.440927004368921	0.103054961963334	ic3/ic7	ER+ Typical
CURTIS_H001478_T01_01_WG01	0.292952907997093	0	0.707047092002907	ic1	ER+ High
CURTIS_H001479_T01_01_WG01	0.291526105533529	0.233537927831148	0.474935966635323	ic4	ER+ Typical
CURTIS_H001480_T01_01_WG01	0.483685271559168	0.146224075462109	0.370090652978723	ic3/ic7	ER+ Typical
CURTIS_H001481_T01_01_WG01	0.0293212376328859	0.794001970509533	0.176676791857581	ic4	ER+ Typical
CURTIS_H001482_T01_01_WG01	0.52619640580584	0.126480996166892	0.347322598027268	ic9	ER+ High
CURTIS_H001483_T01_01_WG01	0.206643734930227	0.118934272229899	0.674421992839873	ic5	HER2+
CURTIS_H001484_T01_01_WG01	0.277538235931863	0.117121570669055	0.605340193399082	ic5	HER2+
CURTIS_H001485_T01_01_WG01	0	0.515233512868308	0.484766487131692	ic4	IC4ER-
CURTIS_H001486_T01_01_WG01	0.333635611507276	0	0.666364388492724	ic1	ER+ High
CURTIS_H001487_T01_01_WG01	0.0793019437506249	0.552152470388146	0.368545585861229	ic1	ER+ High
CURTIS_H001488_T01_01_WG01	0.0189400836043148	0.336509159686984	0.644550756708701	ic5	HER2+
CURTIS_H001489_T01_01_WG01	0.0412625616986316	0.430496329038856	0.528241109262513	ic5	HER2+
CURTIS_H001490_T01_01_WG01	0.301184523033406	0.3151071992603	0.383708277706295	ic8	ER+ Typical
CURTIS_H001491_T01_01_WG01	0.420907827016436	0.328782489839911	0.250309683143653	ic8	ER+ Typical
CURTIS_H001492_T01_01_WG01	0.136342743135622	0.481356823110271	0.382300433754108	ic3/ic7	ER+ Typical
CURTIS_H001493_T01_01_WG01	0.49816296862289	0.34289388310645	0.158943148270659	ic3/ic7	ER+ Typical
CURTIS_H001494_T01_01_WG01	0.561162559670682	0	0.438837440329318	ic3/ic7	ER+ Typical
CURTIS_H001495_T01_01_WG01	0.158152370745531	0.680495536107619	0.161352093146849	ic4	ER+ Typical
CURTIS_H001496_T01_01_WG01	0.0558803425920005	0.783229091727492	0.160890565680508	ic8	ER+ Typical
CURTIS_H001497_T01_01_WG01	0.148299135965819	0.502705452492429	0.348995411541751	ic6	ER+ High
CURTIS_H001498_T01_01_WG01	0.30537352380571	0.160579369278106	0.534047106916185	ic3/ic7	ER+ Typical
CURTIS_H001499_T01_01_WG01	0.174849563692386	0.558718964525975	0.266431471781639	ic4	ER+ Typical
CURTIS_H001500_T01_01_WG01	0.214840978135464	0.693095935187387	0.0920630866771486	ic4	ER+ Typical
CURTIS_H001501_T01_01_WG01	0.178267268561674	0.684376204638029	0.137356526800297	ic9	ER+ High
CURTIS_H001502_T01_01_WG01	0.362176122839647	0.605020077933479	0.0328037992268736	ic8	ER+ Typical
CURTIS_H001503_T01_01_WG01	0.0788660373941451	0.775609218128329	0.145524744477526	ic8	ER+ Typical
CURTIS_H001504_T01_01_WG01	0.110435510468234	0.571051444271877	0.318513045259889	ic4	ER+ Typical
CURTIS_H001505_T01_01_WG01	0.0570467579245946	0.764324955605675	0.17862828646973	ic3/ic7	ER+ Typical
CURTIS_H001506_T01_01_WG01	0.360640950374769	0.193585967307063	0.445773082318168	ic3/ic7	ER+ Typical
CURTIS_H001507_T01_01_WG01	0.861719927786396	0.0848591196749855	0.0534209525386183	ic8	ER+ Typical
CURTIS_H001508_T01_01_WG01	0	0.965182989242646	0.0348170107573543	ic8	ER+ Typical
CURTIS_H001509_T01_01_WG01	0.217291450199471	0.296346917203903	0.486361632596626	ic3/ic7	ER+ Typical
CURTIS_H001510_T01_01_WG01	0.360330634559894	0.00868057242515696	0.630988793014949	ic1	ER+ High
CURTIS_H001511_T01_01_WG01	0.219510049020128	0.444950170685425	0.335539780294447	ic1	ER+ High
CURTIS_H001512_T01_01_WG01	0.14013834049868	0.74927374337478	0.11058791612654	ic4	ER+ Typical
CURTIS_H001513_T01_01_WG01	0.334557586258544	0.0143911992450581	0.651051214496398	ic3/ic7	ER+ Typical
CURTIS_H001514_T01_01_WG01	0.0337995564226677	0.820126577536622	0.14607386604071	ic3/ic7	ER+ Typical
CURTIS_H001515_T01_01_WG01	0.514962664530275	0.184025562756869	0.301011772712857	ic3/ic7	ER+ Typical
CURTIS_H001516_T01_01_WG01	0.458415713679204	0.508740246609388	0.032844039711408	ic4	ER+ Typical
CURTIS_H001517_T01_01_WG01	0.0597589769095218	0.734805561354251	0.205435461736228	ic8	ER+ Typical
CURTIS_H001518_T01_01_WG01	0.0156013623596636	0.295097650048955	0.689300987591382	ic2	ER+ High
CURTIS_H001519_T01_01_WG01	0.4464186517289	0.0753435616443481	0.478237786626752	ic9	ER+ High
CURTIS_H001520_T01_01_WG01	0.486457170147936	0.226151287514925	0.287391542337138	ic9	ER+ High
CURTIS_H001521_T01_01_WG01	0.0625818471203999	0.734295455323134	0.203122697556467	ic4	ER+ Typical
CURTIS_H001522_T01_01_WG01	0	0.557657859408205	0.442342140591795	ic4	ER+ Typical
CURTIS_H001523_T01_01_WG01	0.109848040162508	0.79425112108843	0.0959008387490623	ic3/ic7	ER+ Typical
CURTIS_H001524_T01_01_WG01	0	0.420845021876169	0.579154978123831	ic8	ER+ Typical
CURTIS_H001525_T01_01_WG01	0.481072103665997	0.206431095338449	0.312496800995554	ic3/ic7	ER+ Typical
CURTIS_H001526_T01_01_WG01	0.0341767577379741	0.320465815943144	0.645357426318881	ic2	ER+ High
CURTIS_H001527_T01_01_WG01	0	0.366685710919699	0.633314289080301	ic4	ER+ Typical
CURTIS_H001528_T01_01_WG01	0.463772879059551	0.10615675564561	0.430070365294838	ic3/ic7	ER+ Typical
CURTIS_H001529_T01_01_WG01	0.47248525215061	0.128532834744441	0.398981913104949	ic8	ER+ Typical
CURTIS_H001530_T01_01_WG01	0	0.314275642237054	0.685724357762946	ic2	ER+ High
CURTIS_H001531_T01_01_WG01	0.043771727324473	0.435824465402361	0.520403807273166	ic8	ER+ Typical
CURTIS_H001532_T01_01_WG01	0.0426452087616583	0.587907863202137	0.369446928036204	ic2	ER+ High
CURTIS_H001533_T01_01_WG01	0.024908492044145	0.429526810739598	0.545564697216257	ic8	ER+ Typical
CURTIS_H001534_T01_01_WG01	0.0698210718555346	0.354264985166454	0.575913942978012	ic2	ER+ High
CURTIS_H001535_T01_01_WG01	0.0214747297732082	0.465169340453305	0.513355929773486	ic4	ER+ Typical
CURTIS_H001536_T01_01_WG01	0	0.470021747324117	0.529978252675883	ic3/ic7	ER+ Typical
CURTIS_H001537_T01_01_WG01	0.275344735085745	0.141609420629409	0.583045844284846	ic3/ic7	ER+ Typical
CURTIS_H001538_T01_01_WG01	0	0.896146083498347	0.103853916501653	ic3/ic7	ER+ Typical
CURTIS_H001539_T01_01_WG01	0.000220977638910501	0.611978969237662	0.387800053123427	ic4	ER+ Typical
CURTIS_H001540_T01_01_WG01	0.153042520998637	0.691231509475611	0.155725969525752	ic3/ic7	ER+ Typical
CURTIS_H001541_T01_01_WG01	0.359403964467486	0	0.640596035532515	ic9	ER+ High
CURTIS_H001542_T01_01_WG01	0.0447294993161946	0.814400100903028	0.140870399780777	ic8	ER+ Typical
CURTIS_H001543_T01_01_WG01	0.0427040174213552	0.805247024743718	0.152048957834927	ic3/ic7	ER+ Typical
CURTIS_H001544_T01_01_WG01	0.0100873754474378	0.561767268478538	0.428145356074024	ic4	IC4ER-
CURTIS_H001545_T01_01_WG01	0.31133757035701	0.0238176156794826	0.664844813963507	ic5	HER2+
CURTIS_H001546_T01_01_WG01	0.492067008106755	0.362088956407189	0.145844035486055	ic9	ER+ High
CURTIS_H001547_T01_01_WG01	0.0826889501633405	0.250716646694096	0.666594403142563	ic5	HER2+
CURTIS_H001548_T01_01_WG01	0.51841066005578	0.143424800197741	0.338164539746479	ic9	ER+ High
CURTIS_H001549_T01_01_WG01	0.501836207194465	0.327635472003843	0.170528320801692	ic5	HER2+
CURTIS_H001550_T01_01_WG01	0.40948962455769	0.0937507163998345	0.496759659042475	ic5	HER2+
CURTIS_H001551_T01_01_WG01	0.18151681090462	0.554524162663244	0.263959026432135	ic8	ER+ Typical
CURTIS_H001552_T01_01_WG01	0.170614740789899	0.744335162801444	0.0850500964086572	ic4	ER+ Typical
CURTIS_H001553_T01_01_WG01	0.0698598979345215	0.519395995164126	0.410744106901352	ic3/ic7	ER+ Typical
CURTIS_H001554_T01_01_WG01	0.138230120545146	0.330500834497376	0.531269044957478	ic9	ER+ High
CURTIS_H001555_T01_01_WG01	0	0.434200516374559	0.565799483625441	ic5	HER2+
CURTIS_H001556_T01_01_WG01	0.583458336039854	0.180094224785575	0.23644743917457	ic5	HER2+
CURTIS_H001557_T01_01_WG01	0.361424733250346	0.606275666682133	0.0322996000675217	ic4	ER+ Typical
CURTIS_H001558_T01_01_WG01	0.539860137933277	0.0786344882425471	0.381505373824176	ic9	ER+ High
CURTIS_H001559_T01_01_WG01	0.20348533668243	0.409699608070773	0.386815055246797	ic6	ER+ High
CURTIS_H001560_T01_01_WG01	0.06689429788757	0.758258009581134	0.174847692531296	ic3/ic7	ER+ Typical
CURTIS_H001561_T01_01_WG01	0.174814377470322	0.743902880890576	0.0812827416391019	ic8	ER+ Typical
CURTIS_H001562_T01_01_WG01	0.0545228472629662	0.628341259993833	0.317135892743201	ic4	ER+ Typical
CURTIS_H001563_T01_01_WG01	0.0508847532487504	0.791576832853292	0.157538413897958	ic8	ER+ Typical
CURTIS_H001564_T01_01_WG01	0.353823067214341	0.586141582852974	0.0600353499326849	ic3/ic7	ER+ Typical
CURTIS_H001565_T01_01_WG01	0	0.540757764928268	0.459242235071732	ic8	ER+ Typical
CURTIS_H001566_T01_01_WG01	0	0.577949301691114	0.422050698308886	ic6	ER+ High
CURTIS_H001567_T01_01_WG01	0	0	1	ic3/ic7	ER+ Typical
CURTIS_H001568_T01_01_WG01	0.0446983289156163	0.874908424479749	0.080393246604635	ic6	ER+ High
CURTIS_H001569_T01_01_WG01	0.236463161101627	0.592647185635313	0.17088965326306	ic3/ic7	ER+ Typical
CURTIS_H001570_T01_01_WG01	0.193800559473312	0.244465552950155	0.561733887576533	ic3/ic7	ER+ Typical
CURTIS_H001571_T01_01_WG01	0.334662449297046	0.62014715289124	0.0451903978117139	ic3/ic7	ER+ Typical
CURTIS_H001572_T01_01_WG01	0.0025995493601312	0.658845271111711	0.338555179528157	ic3/ic7	ER+ Typical
CURTIS_H001573_T01_01_WG01	0.204185358059382	0.613216745165522	0.182597896775096	ic3/ic7	ER+ Typical
CURTIS_H001574_T01_01_WG01	0.292446732298419	0.55567194927582	0.151881318425761	ic4	ER+ Typical
CURTIS_H001575_T01_01_WG01	0	0.525318244865677	0.474681755134322	ic4	ER+ Typical
CURTIS_H001576_T01_01_WG01	0.0587433504526414	0.740346829637221	0.200909819910137	ic3/ic7	ER+ Typical
CURTIS_H001577_T01_01_WG01	0.00160038516474461	0.550257426186278	0.448142188648977	ic4	ER+ Typical
CURTIS_H001578_T01_01_WG01	0.0952977191586949	0.643066771628798	0.261635509212507	ic4	IC4ER-
CURTIS_H001579_T01_01_WG01	0.0325857721784393	0.46745775127388	0.49995647654768	ic3/ic7	ER+ Typical
CURTIS_H001580_T01_01_WG01	0.884051223535558	0.00920692088858423	0.106741855575858	ic10	IC10
CURTIS_H001581_T01_01_WG01	0.235870481843006	0.135331794368525	0.628797723788469	ic5	HER2+
CURTIS_H001582_T01_01_WG01	0.481022813612075	0.518977186387925	0	ic10	IC10
CURTIS_H001583_T01_01_WG01	0.131811524505716	0.578441898118122	0.289746577376163	ic5	HER2+
CURTIS_H001584_T01_01_WG01	0.464691187854933	0.454590668188058	0.0807181439570091	ic4	IC4ER-
CURTIS_H001585_T01_01_WG01	0.370977041494708	0.0368702933928957	0.592152665112397	ic3/ic7	ER+ Typical
CURTIS_H001586_T01_01_WG01	0.0186686389919199	0.374176502019281	0.607154858988799	ic5	HER2+
CURTIS_H001587_T01_01_WG01	0.674656441803149	0.325343558196851	0	ic10	IC10
CURTIS_H001588_T01_01_WG01	0.174107181917554	0.456850907834118	0.369041910248328	ic3/ic7	ER+ Typical
CURTIS_H001589_T01_01_WG01	0.117930878967353	0.503855459124071	0.378213661908576	ic6	ER+ High
CURTIS_H001590_T01_01_WG01	0.523664292958925	0.309980643891717	0.166355063149358	ic5	HER2+
CURTIS_H001591_T01_01_WG01	0.131625772376123	0	0.868374227623877	ic1	ER+ High
CURTIS_H001592_T01_01_WG01	0.701337551791491	0.298662448208509	0	ic10	IC10
CURTIS_H001593_T01_01_WG01	0.645215087915571	0.19015046401684	0.164634448067589	ic9	ER+ High
CURTIS_H001594_T01_01_WG01	0.496945125119336	0.485987715486224	0.01706715939444	ic4	IC4ER-
CURTIS_H001595_T01_01_WG01	0.0488866694329456	0.555426980442515	0.39568635012454	ic5	HER2+
CURTIS_H001596_T01_01_WG01	0.0223812537925563	0.270524479943043	0.707094266264401	ic5	HER2+
CURTIS_H001597_T01_01_WG01	0.763588234866661	0.0926882022066015	0.143723562926737	ic10	IC10
CURTIS_H001598_T01_01_WG01	0.579563687760475	0.305587123592996	0.114849188646529	ic10	IC10
CURTIS_H001599_T01_01_WG01	0.563042409552804	0.436957590447196	0	ic10	IC10
CURTIS_H001600_T01_01_WG01	0.499341748401843	0.158514643212732	0.342143608385425	ic4	IC4ER-
CURTIS_H001601_T01_01_WG01	0.74231510401554	0.25768489598446	0	ic10	IC10
CURTIS_H001602_T01_01_WG01	0.787356139089007	0.0685823962400138	0.144061464670979	ic10	IC10
CURTIS_H001603_T01_01_WG01	0.118824550863982	0.65466961219113	0.226505836944887	ic4	IC4ER-
CURTIS_H001604_T01_01_WG01	0.0320902455763805	0.56301315979871	0.40489659462491	ic3/ic7	ER+ Typical
CURTIS_H001605_T01_01_WG01	0.521436191576296	0.446283811546424	0.0322799968772798	ic10	IC10
CURTIS_H001606_T01_01_WG01	0.749880958103015	0.109303770015345	0.14081527188164	ic10	IC10
